  Year  SSize  StdCrn  SsfCrn  StdSig  SsfSig  StdSee  SsfSee  StdStb  SsfStb
  1387******    0.879   0.892   0.000   0.000   0.000   0.000   0.920   0.927
  1388******    1.002   1.018   0.000   0.000   0.000   0.000   1.002   1.011
  1389******    0.934   0.948   0.000   0.000   0.000   0.000   0.956   0.964
  1390******    0.925   0.938   0.000   0.000   0.000   0.000   0.950   0.958
  1391******    0.755   0.764   0.000   0.000   0.000   0.000   0.838   0.842
  1392******    0.743   0.751   0.000   0.000   0.000   0.000   0.830   0.834
  1393******    0.972   0.985   0.000   0.000   0.000   0.000   0.981   0.989
  1394******    1.498   1.523   0.000   0.000   0.000   0.000   1.330   1.347
  1395******    1.114   1.130   0.000   0.000   0.000   0.000   1.076   1.086
  1396******    1.188   1.205   0.000   0.000   0.000   0.000   1.125   1.136
  1397******    1.185   1.202   0.000   0.000   0.000   0.000   1.123   1.134
  1398******    0.946   0.957   0.000   0.000   0.000   0.000   0.964   0.971
  1399******    1.092   1.105   0.000   0.000   0.000   0.000   1.061   1.069
  1400******    1.041   1.053   0.000   0.000   0.000   0.000   1.027   1.034
  1401******    0.921   0.931   0.000   0.000   0.000   0.000   0.948   0.953
  1402    32    0.976   0.986   0.000   0.000   0.000   0.000   0.984   0.990
  1403     1    1.103   1.115   0.000   0.000   0.000   0.000   1.068   1.076
  1404     1    1.059   1.070   0.000   0.000   0.000   0.000   1.039   1.046
  1405     2    0.750   0.747   0.022   0.011   0.016   0.008   0.805   0.801
  1406     2    1.031   1.030   0.096   0.082   0.068   0.058   1.024   1.022
  1407     2    0.971   0.969   0.107   0.095   0.076   0.067   0.977   0.975
  1408     2    1.027   1.026   0.004   0.010   0.003   0.007   1.021   1.020
  1409     2    0.977   0.975   0.119   0.108   0.084   0.076   0.982   0.980
  1410     2    1.076   1.076   0.037   0.051   0.026   0.036   1.059   1.058
  1411     2    0.873   0.871   0.095   0.107   0.067   0.075   0.900   0.898
  1412     2    0.937   0.934   0.052   0.041   0.037   0.029   0.950   0.948
  1413     2    0.788   0.784   0.038   0.028   0.027   0.020   0.834   0.830
  1414     2    1.075   1.072   0.082   0.069   0.058   0.049   1.058   1.055
  1415     2    1.122   1.119   0.018   0.003   0.013   0.002   1.095   1.092
  1416     2    0.872   0.867   0.094   0.082   0.066   0.058   0.900   0.895
  1417     2    0.906   0.901   0.026   0.039   0.019   0.028   0.927   0.921
  1418     2    0.938   0.933   0.149   0.163   0.106   0.116   0.952   0.947
  1419     2    0.967   0.962   0.007   0.020   0.005   0.014   0.974   0.969
  1420     2    0.892   0.886   0.008   0.019   0.006   0.013   0.915   0.910
  1421     2    0.955   0.951   0.051   0.060   0.036   0.043   0.965   0.961
  1422     3    0.946   0.943   0.029   0.023   0.017   0.014   0.955   0.952
  1423     3    0.848   0.846   0.102   0.100   0.059   0.058   0.873   0.870
  1424     3    0.971   0.971   0.066   0.071   0.038   0.041   0.975   0.975
  1425     3    1.227   1.232   0.004   0.012   0.002   0.007   1.190   1.194
  1426     3    0.898   0.910   0.219   0.240   0.126   0.139   0.915   0.923
  1427     3    0.931   0.929   0.130   0.128   0.075   0.074   0.942   0.940
  1428     3    1.083   1.108   0.125   0.127   0.072   0.074   1.070   1.090
  1429     3    0.882   0.879   0.349   0.324   0.201   0.187   0.901   0.898
  1430     3    1.004   1.027   0.018   0.038   0.010   0.022   1.003   1.022
  1431     3    1.057   1.054   0.033   0.036   0.019   0.021   1.048   1.045
  1432     3    1.141   1.138   0.026   0.128   0.015   0.074   1.118   1.115
  1433     4    1.052   1.085   0.141   0.167   0.071   0.083   1.045   1.073
  1434     4    1.073   1.068   0.140   0.160   0.070   0.080   1.063   1.058
  1435     4    1.108   1.086   0.187   0.163   0.094   0.081   1.093   1.074
  1436     4    1.025   1.004   0.122   0.100   0.061   0.050   1.021   1.003
  1437     4    1.074   1.068   0.058   0.079   0.029   0.040   1.064   1.058
  1438     4    0.976   0.978   0.035   0.021   0.017   0.011   0.979   0.980
  1439     4    1.004   0.997   0.068   0.096   0.034   0.048   1.004   0.996
  1440     4    0.907   0.910   0.219   0.220   0.109   0.110   0.919   0.921
  1441     4    0.923   0.924   0.145   0.119   0.073   0.059   0.933   0.933
  1442     4    0.852   0.841   0.061   0.073   0.031   0.036   0.872   0.861
  1443     4    0.913   0.904   0.247   0.237   0.124   0.118   0.925   0.916
  1444     4    0.980   0.957   0.069   0.063   0.035   0.031   0.983   0.962
  1445     4    1.058   1.040   0.157   0.133   0.079   0.066   1.050   1.034
  1446     4    1.247   1.237   0.219   0.189   0.109   0.094   1.213   1.204
  1447     4    1.139   1.129   0.086   0.066   0.043   0.033   1.120   1.111
  1448     4    0.877   0.869   0.218   0.200   0.109   0.100   0.894   0.885
  1449     4    1.101   1.111   0.119   0.123   0.059   0.061   1.087   1.095
  1450     4    1.186   1.173   0.073   0.103   0.037   0.051   1.160   1.149
  1451     4    1.028   1.004   0.050   0.052   0.025   0.026   1.024   1.002
  1452     4    1.053   1.026   0.182   0.191   0.091   0.096   1.045   1.022
  1453     4    1.051   1.023   0.129   0.110   0.065   0.055   1.044   1.019
  1454     4    0.951   0.935   0.102   0.101   0.051   0.050   0.958   0.943
  1455     4    0.919   0.902   0.132   0.125   0.066   0.062   0.930   0.915
  1456     4    0.837   0.820   0.220   0.218   0.110   0.109   0.859   0.843
  1457     4    0.939   0.920   0.242   0.223   0.121   0.112   0.947   0.930
  1458     4    0.717   0.700   0.216   0.211   0.108   0.105   0.755   0.739
  1459     4    0.888   0.873   0.121   0.108   0.060   0.054   0.903   0.889
  1460     4    0.864   0.845   0.048   0.056   0.024   0.028   0.883   0.865
  1461     4    0.851   0.832   0.042   0.052   0.021   0.026   0.871   0.854
  1462     4    0.842   0.832   0.052   0.042   0.026   0.021   0.864   0.854
  1463     4    1.117   1.108   0.187   0.180   0.094   0.090   1.101   1.093
  1464     4    0.939   0.927   0.003   0.023   0.002   0.011   0.947   0.936
  1465     5    1.124   1.123   0.191   0.159   0.085   0.071   1.106   1.105
  1466     5    1.356   1.335   0.205   0.143   0.092   0.064   1.303   1.288
  1467     6    1.155   1.129   0.267   0.268   0.109   0.109   1.135   1.113
  1468     7    1.214   1.197   0.126   0.132   0.048   0.050   1.189   1.175
  1469     8    1.224   1.224   0.145   0.128   0.051   0.045   1.202   1.203
  1470     8    1.252   1.196   0.193   0.150   0.068   0.053   1.227   1.177
  1471     8    0.986   0.929   0.182   0.142   0.064   0.050   0.987   0.934
  1472     8    0.942   0.921   0.196   0.161   0.069   0.057   0.947   0.927
  1473     8    1.060   1.015   0.162   0.168   0.057   0.059   1.054   1.013
  1474     8    1.000   0.947   0.148   0.145   0.052   0.051   1.000   0.951
  1475     8    0.871   0.818   0.118   0.117   0.042   0.041   0.884   0.833
  1476     8    0.737   0.703   0.094   0.102   0.033   0.036   0.763   0.729
  1477     8    0.996   0.951   0.166   0.163   0.059   0.058   0.997   0.954
  1478     9    0.789   0.755   0.076   0.084   0.025   0.028   0.808   0.775
  1479     9    0.882   0.838   0.092   0.058   0.031   0.019   0.893   0.851
  1480     9    0.996   0.931   0.143   0.094   0.048   0.031   0.996   0.936
  1481     9    0.986   0.926   0.067   0.123   0.022   0.041   0.987   0.931
  1482     9    0.842   0.814   0.176   0.138   0.059   0.046   0.856   0.828
  1483     9    0.932   0.893   0.167   0.136   0.056   0.045   0.938   0.901
  1484     9    1.068   1.016   0.192   0.188   0.064   0.063   1.062   1.014
  1485     9    1.093   1.040   0.227   0.200   0.076   0.067   1.085   1.036
  1486     9    0.903   0.863   0.170   0.153   0.057   0.051   0.911   0.874
  1487     9    1.040   1.000   0.127   0.115   0.042   0.038   1.037   0.999
  1488     9    0.867   0.847   0.168   0.137   0.056   0.046   0.879   0.859
  1489     9    0.939   0.904   0.150   0.130   0.050   0.043   0.945   0.912
  1490    10    1.118   1.060   0.160   0.150   0.051   0.047   1.106   1.054
  1491    10    1.036   0.999   0.066   0.064   0.021   0.020   1.032   0.998
  1492    10    1.049   1.010   0.200   0.167   0.063   0.053   1.044   1.009
  1493    10    0.978   0.951   0.208   0.210   0.066   0.066   0.980   0.955
  1494    10    0.995   0.961   0.223   0.226   0.071   0.072   0.995   0.964
  1495    10    1.023   0.997   0.086   0.083   0.027   0.026   1.021   0.996
  1496    11    1.027   1.000   0.115   0.126   0.035   0.038   1.024   0.999
  1497    11    0.908   0.883   0.179   0.190   0.054   0.057   0.918   0.893
  1498    11    0.987   0.978   0.209   0.212   0.063   0.064   0.989   0.980
  1499    12    0.914   0.916   0.188   0.201   0.054   0.058   0.922   0.923
  1500    12    0.974   0.965   0.212   0.216   0.061   0.062   0.977   0.967
  1501    12    0.925   0.904   0.192   0.190   0.055   0.055   0.933   0.912
  1502    12    0.803   0.792   0.105   0.110   0.030   0.032   0.822   0.810
  1503    12    1.110   1.100   0.135   0.124   0.039   0.036   1.098   1.090
  1504    12    0.922   0.913   0.175   0.167   0.050   0.048   0.930   0.920
  1505    12    1.129   1.117   0.206   0.203   0.059   0.059   1.116   1.106
  1506    12    1.078   1.070   0.118   0.116   0.034   0.034   1.070   1.063
  1507    12    0.921   0.916   0.086   0.075   0.025   0.022   0.929   0.923
  1508    12    0.899   0.917   0.151   0.112   0.044   0.032   0.909   0.923
  1509    12    1.017   1.011   0.242   0.240   0.070   0.069   1.015   1.009
  1510    12    1.060   1.057   0.172   0.164   0.050   0.047   1.054   1.051
  1511    12    1.001   1.005   0.163   0.150   0.047   0.043   1.001   1.004
  1512    12    1.152   1.158   0.262   0.234   0.076   0.068   1.137   1.143
  1513    12    0.763   0.758   0.212   0.202   0.061   0.058   0.786   0.778
  1514    12    1.187   1.188   0.303   0.296   0.087   0.086   1.168   1.171
  1515    12    0.946   0.953   0.171   0.156   0.049   0.045   0.951   0.956
  1516    11    0.905   0.907   0.170   0.161   0.051   0.049   0.915   0.915
  1517    12    1.085   1.105   0.217   0.204   0.063   0.059   1.076   1.095
  1518    12    1.039   1.061   0.182   0.169   0.053   0.049   1.035   1.055
  1519    12    0.952   0.960   0.168   0.157   0.048   0.045   0.957   0.963
  1520    12    0.905   0.920   0.136   0.132   0.039   0.038   0.914   0.926
  1521    12    0.962   0.980   0.178   0.166   0.051   0.048   0.966   0.981
  1522    12    1.040   1.046   0.162   0.162   0.047   0.047   1.036   1.041
  1523    12    1.036   1.039   0.189   0.173   0.055   0.050   1.033   1.035
  1524    12    0.942   0.951   0.117   0.122   0.034   0.035   0.947   0.955
  1525    12    0.944   0.945   0.243   0.227   0.070   0.066   0.950   0.950
  1526    12    1.192   1.204   0.227   0.232   0.066   0.067   1.173   1.185
  1527    12    1.148   1.160   0.262   0.259   0.076   0.075   1.134   1.144
  1528    13    0.983   1.003   0.132   0.134   0.037   0.037   0.984   1.002
  1529    13    0.955   0.964   0.144   0.137   0.040   0.038   0.958   0.965
  1530    13    0.945   0.953   0.176   0.167   0.049   0.046   0.949   0.956
  1531    13    1.191   1.229   0.203   0.230   0.056   0.064   1.177   1.212
  1532    13    0.851   0.860   0.130   0.139   0.036   0.038   0.862   0.869
  1533    13    0.838   0.850   0.205   0.202   0.057   0.056   0.850   0.860
  1534    13    1.139   1.190   0.172   0.130   0.048   0.036   1.129   1.176
  1535    13    1.005   1.041   0.177   0.119   0.049   0.033   1.005   1.038
  1536    13    1.060   1.084   0.100   0.091   0.028   0.025   1.055   1.077
  1537    13    0.878   0.902   0.124   0.133   0.034   0.037   0.888   0.908
  1538    14    0.937   0.965   0.130   0.148   0.035   0.040   0.941   0.967
  1539    14    0.848   0.865   0.149   0.140   0.040   0.037   0.858   0.873
  1540    14    0.918   0.932   0.128   0.125   0.034   0.033   0.923   0.935
  1541    14    1.021   1.039   0.198   0.193   0.053   0.052   1.019   1.036
  1542    15    1.189   1.213   0.204   0.178   0.053   0.046   1.180   1.202
  1543    15    0.904   0.885   0.226   0.196   0.058   0.051   0.909   0.889
  1544    15    0.983   1.008   0.221   0.223   0.057   0.058   0.984   1.006
  1545    15    1.177   1.197   0.279   0.279   0.072   0.072   1.168   1.187
  1546    15    0.972   0.990   0.141   0.143   0.036   0.037   0.973   0.990
  1547    15    1.266   1.287   0.204   0.202   0.053   0.052   1.253   1.273
  1548    15    1.049   1.071   0.164   0.153   0.042   0.040   1.046   1.067
  1549    15    1.032   1.055   0.224   0.218   0.058   0.056   1.030   1.051
  1550    15    1.285   1.323   0.266   0.267   0.069   0.069   1.270   1.307
  1551    15    1.223   1.261   0.186   0.175   0.048   0.045   1.211   1.248
  1552    15    1.218   1.266   0.166   0.156   0.043   0.040   1.207   1.253
  1553    15    1.099   1.135   0.148   0.155   0.038   0.040   1.094   1.128
  1554    15    0.887   0.908   0.172   0.167   0.044   0.043   0.893   0.911
  1555    15    0.843   0.864   0.193   0.186   0.050   0.048   0.851   0.869
  1556    15    1.214   1.255   0.202   0.188   0.052   0.049   1.203   1.242
  1557    15    1.121   1.158   0.195   0.198   0.050   0.051   1.115   1.150
  1558    15    0.960   0.991   0.155   0.157   0.040   0.040   0.962   0.990
  1559    15    0.956   0.983   0.193   0.185   0.050   0.048   0.958   0.983
  1560    15    1.061   1.083   0.305   0.295   0.079   0.076   1.057   1.078
  1561    15    1.028   1.029   0.144   0.130   0.037   0.034   1.026   1.026
  1562    15    1.167   1.178   0.210   0.198   0.054   0.051   1.158   1.169
  1563    15    1.186   1.210   0.172   0.162   0.044   0.042   1.177   1.199
  1564    15    1.208   1.238   0.198   0.207   0.051   0.053   1.197   1.226
  1565    15    0.963   0.994   0.117   0.152   0.030   0.039   0.965   0.993
  1566    15    0.884   0.887   0.166   0.156   0.043   0.040   0.890   0.891
  1567    15    1.312   1.342   0.190   0.197   0.049   0.051   1.296   1.325
  1568    15    1.075   1.082   0.166   0.177   0.043   0.046   1.071   1.078
  1569    15    0.993   1.004   0.151   0.143   0.039   0.037   0.994   1.003
  1570    15    1.012   1.025   0.127   0.122   0.033   0.031   1.011   1.023
  1571    15    1.105   1.114   0.129   0.130   0.033   0.033   1.099   1.108
  1572    15    0.943   0.946   0.142   0.135   0.037   0.035   0.946   0.948
  1573    15    0.924   0.914   0.153   0.152   0.040   0.039   0.928   0.917
  1574    15    0.781   0.784   0.211   0.201   0.054   0.052   0.792   0.793
  1575    15    1.061   1.068   0.191   0.182   0.049   0.047   1.058   1.064
  1576    15    0.815   0.817   0.151   0.144   0.039   0.037   0.825   0.824
  1577    15    0.986   0.987   0.126   0.122   0.033   0.032   0.986   0.986
  1578    15    0.966   0.971   0.160   0.160   0.041   0.041   0.968   0.971
  1579    15    0.757   0.755   0.148   0.154   0.038   0.040   0.769   0.765
  1580    15    1.057   1.042   0.226   0.225   0.058   0.058   1.054   1.039
  1581    15    1.036   1.031   0.150   0.149   0.039   0.038   1.034   1.028
  1582    15    1.128   1.118   0.115   0.108   0.030   0.028   1.121   1.111
  1583    15    1.059   1.050   0.203   0.198   0.052   0.051   1.056   1.047
  1584    15    1.149   1.137   0.190   0.189   0.049   0.049   1.141   1.129
  1585    15    0.963   0.946   0.104   0.102   0.027   0.026   0.965   0.947
  1586    15    0.839   0.825   0.111   0.101   0.029   0.026   0.847   0.832
  1587    15    0.843   0.848   0.119   0.111   0.031   0.029   0.851   0.854
  1588    15    0.898   0.881   0.122   0.106   0.032   0.027   0.903   0.885
  1589    15    1.009   0.983   0.172   0.151   0.044   0.039   1.009   0.983
  1590    15    0.920   0.901   0.206   0.184   0.053   0.048   0.924   0.905
  1591    15    0.816   0.796   0.158   0.151   0.041   0.039   0.826   0.804
  1592    15    1.064   1.046   0.189   0.189   0.049   0.049   1.061   1.042
  1593    15    1.083   1.054   0.165   0.148   0.043   0.038   1.079   1.050
  1594    14    0.878   0.858   0.211   0.202   0.056   0.054   0.886   0.865
  1595    14    0.855   0.833   0.203   0.191   0.054   0.051   0.863   0.841
  1596    15    1.104   1.075   0.213   0.202   0.055   0.052   1.099   1.070
  1597    15    0.930   0.908   0.178   0.173   0.046   0.045   0.934   0.911
  1598    15    1.040   1.007   0.215   0.206   0.056   0.053   1.038   1.005
  1599    15    0.729   0.699   0.250   0.238   0.065   0.061   0.742   0.713
  1600    16    0.994   0.961   0.175   0.169   0.044   0.042   0.994   0.961
  1601    16    1.086   1.049   0.196   0.189   0.049   0.047   1.082   1.045
  1602    16    1.067   1.041   0.291   0.293   0.073   0.073   1.064   1.038
  1603    16    0.907   0.880   0.167   0.168   0.042   0.042   0.911   0.884
  1604    16    1.012   0.986   0.168   0.168   0.042   0.042   1.011   0.985
  1605    16    0.919   0.895   0.138   0.134   0.035   0.034   0.923   0.898
  1606    16    0.869   0.842   0.173   0.168   0.043   0.042   0.875   0.848
  1607    16    0.749   0.724   0.086   0.082   0.022   0.020   0.761   0.736
  1608    16    0.853   0.826   0.163   0.163   0.041   0.041   0.860   0.833
  1609    16    0.959   0.929   0.183   0.171   0.046   0.043   0.961   0.931
  1610    16    1.041   1.012   0.133   0.122   0.033   0.031   1.039   1.010
  1611    16    0.987   0.957   0.165   0.158   0.041   0.039   0.987   0.958
  1612    16    1.154   1.127   0.186   0.162   0.046   0.041   1.146   1.119
  1613    16    1.097   1.058   0.148   0.147   0.037   0.037   1.093   1.054
  1614    17    1.007   0.971   0.164   0.162   0.040   0.039   1.007   0.970
  1615    17    0.965   0.932   0.159   0.151   0.039   0.037   0.967   0.934
  1616    17    1.034   0.999   0.156   0.143   0.038   0.035   1.033   0.997
  1617    18    1.243   1.219   0.220   0.194   0.052   0.046   1.232   1.207
  1618    18    0.945   0.909   0.127   0.126   0.030   0.030   0.947   0.912
  1619    19    0.879   0.851   0.141   0.144   0.032   0.033   0.885   0.856
  1620    20    1.188   1.149   0.153   0.156   0.034   0.035   1.180   1.142
  1621    20    1.219   1.174   0.127   0.134   0.028   0.030   1.210   1.165
  1622    20    1.091   1.055   0.151   0.156   0.034   0.035   1.087   1.051
  1623    20    1.147   1.105   0.180   0.178   0.040   0.040   1.141   1.099
  1624    20    0.875   0.836   0.133   0.132   0.030   0.030   0.880   0.841
  1625    20    1.035   0.993   0.170   0.160   0.038   0.036   1.033   0.992
  1626    20    1.139   1.091   0.184   0.181   0.041   0.040   1.133   1.086
  1627    20    1.066   1.009   0.155   0.152   0.035   0.034   1.063   1.007
  1628    20    1.178   1.124   0.124   0.130   0.028   0.029   1.171   1.117
  1629    20    1.178   1.124   0.209   0.205   0.047   0.046   1.171   1.117
  1630    20    0.763   0.729   0.243   0.230   0.054   0.051   0.773   0.738
  1631    20    1.009   0.959   0.114   0.120   0.026   0.027   1.008   0.959
  1632    20    0.949   0.907   0.143   0.133   0.032   0.030   0.951   0.909
  1633    20    1.173   1.127   0.193   0.183   0.043   0.041   1.166   1.120
  1634    20    0.987   0.940   0.180   0.171   0.040   0.038   0.987   0.940
  1635    20    0.969   0.922   0.174   0.165   0.039   0.037   0.970   0.923
  1636    20    1.061   1.009   0.148   0.142   0.033   0.032   1.059   1.007
  1637    20    0.890   0.845   0.232   0.223   0.052   0.050   0.894   0.850
  1638    20    0.954   0.907   0.216   0.206   0.048   0.046   0.956   0.908
  1639    20    0.990   0.937   0.205   0.199   0.046   0.044   0.991   0.938
  1640    20    1.003   0.950   0.156   0.156   0.035   0.035   1.003   0.951
  1641    21    0.846   0.797   0.169   0.156   0.037   0.034   0.851   0.802
  1642    21    0.883   0.821   0.195   0.174   0.043   0.038   0.887   0.824
  1643    21    0.880   0.830   0.136   0.128   0.030   0.028   0.884   0.834
  1644    21    0.963   0.909   0.185   0.174   0.040   0.038   0.964   0.910
  1645    21    0.955   0.902   0.141   0.130   0.031   0.028   0.956   0.903
  1646    21    1.027   0.974   0.162   0.148   0.035   0.032   1.026   0.973
  1647    22    0.844   0.793   0.179   0.173   0.038   0.037   0.849   0.798
  1648    22    1.096   1.037   0.165   0.154   0.035   0.033   1.093   1.034
  1649    22    0.910   0.850   0.166   0.167   0.035   0.036   0.913   0.852
  1650    22    0.793   0.740   0.198   0.190   0.042   0.041   0.800   0.746
  1651    22    0.752   0.699   0.185   0.175   0.039   0.037   0.760   0.707
  1652    22    0.931   0.875   0.156   0.142   0.033   0.030   0.933   0.878
  1653    22    0.590   0.551   0.151   0.143   0.032   0.030   0.603   0.563
  1654    22    0.980   0.909   0.174   0.159   0.037   0.034   0.981   0.909
  1655    22    0.882   0.826   0.175   0.171   0.037   0.036   0.886   0.829
  1656    22    0.851   0.797   0.164   0.146   0.035   0.031   0.856   0.802
  1657    22    0.925   0.866   0.253   0.227   0.054   0.048   0.927   0.869
  1658    22    0.827   0.768   0.174   0.158   0.037   0.034   0.832   0.774
  1659    22    1.086   1.018   0.182   0.172   0.039   0.037   1.083   1.015
  1660    22    1.105   1.036   0.145   0.136   0.031   0.029   1.101   1.033
  1661    22    1.152   1.084   0.188   0.176   0.040   0.037   1.147   1.079
  1662    22    1.157   1.089   0.189   0.174   0.040   0.037   1.152   1.084
  1663    22    1.173   1.102   0.240   0.222   0.051   0.047   1.168   1.096
  1664    22    1.219   1.147   0.241   0.229   0.051   0.049   1.212   1.140
  1665    22    1.140   1.071   0.211   0.200   0.045   0.043   1.136   1.066
  1666    22    0.916   0.860   0.144   0.130   0.031   0.028   0.919   0.862
  1667    22    0.773   0.719   0.167   0.153   0.036   0.033   0.781   0.726
  1668    22    0.971   0.903   0.126   0.113   0.027   0.024   0.972   0.904
  1669    22    0.871   0.810   0.162   0.148   0.034   0.032   0.875   0.814
  1670    22    0.958   0.892   0.182   0.169   0.039   0.036   0.959   0.894
  1671    22    1.195   1.118   0.200   0.184   0.043   0.039   1.189   1.112
  1672    22    0.915   0.855   0.133   0.126   0.028   0.027   0.918   0.858
  1673    22    0.769   0.718   0.127   0.121   0.027   0.026   0.776   0.725
  1674    22    0.881   0.818   0.125   0.122   0.027   0.026   0.885   0.821
  1675    22    1.106   1.042   0.172   0.161   0.037   0.034   1.102   1.038
  1676    22    0.971   0.903   0.130   0.121   0.028   0.026   0.972   0.904
  1677    22    1.180   1.098   0.193   0.178   0.041   0.038   1.174   1.093
  1678    23    1.118   1.024   0.160   0.164   0.033   0.034   1.115   1.021
  1679    24    0.917   0.855   0.215   0.202   0.044   0.041   0.920   0.856
  1680    24    0.896   0.834   0.116   0.103   0.024   0.021   0.899   0.836
  1681    24    0.881   0.816   0.198   0.191   0.040   0.039   0.884   0.819
  1682    24    0.888   0.834   0.191   0.186   0.039   0.038   0.891   0.836
  1683    24    1.062   0.989   0.240   0.218   0.049   0.044   1.060   0.987
  1684    24    1.153   1.074   0.258   0.242   0.053   0.049   1.149   1.070
  1685    24    0.902   0.838   0.203   0.189   0.041   0.039   0.904   0.840
  1686    24    1.098   1.024   0.201   0.190   0.041   0.039   1.095   1.021
  1687    24    0.945   0.884   0.217   0.206   0.044   0.042   0.947   0.885
  1688    24    1.073   1.014   0.202   0.194   0.041   0.040   1.071   1.011
  1689    24    1.289   1.174   0.265   0.247   0.054   0.050   1.282   1.167
  1690    24    1.295   1.211   0.333   0.309   0.068   0.063   1.287   1.203
  1691    24    1.334   1.252   0.263   0.240   0.054   0.049   1.325   1.243
  1692    24    0.942   0.874   0.276   0.260   0.056   0.053   0.943   0.875
  1693    24    1.185   1.113   0.283   0.261   0.058   0.053   1.180   1.107
  1694    24    0.718   0.668   0.200   0.181   0.041   0.037   0.725   0.675
  1695    24    0.995   0.936   0.174   0.164   0.036   0.033   0.995   0.935
  1696    24    1.016   0.955   0.223   0.206   0.046   0.042   1.016   0.954
  1697    24    0.930   0.871   0.197   0.187   0.040   0.038   0.931   0.873
  1698    24    0.967   0.908   0.199   0.184   0.041   0.038   0.968   0.908
  1699    24    0.896   0.843   0.178   0.168   0.036   0.034   0.899   0.845
  1700    24    0.890   0.838   0.154   0.139   0.031   0.028   0.893   0.840
  1701    24    0.667   0.622   0.158   0.147   0.032   0.030   0.676   0.630
  1702    24    0.720   0.677   0.158   0.141   0.032   0.029   0.727   0.684
  1703    24    0.860   0.812   0.210   0.190   0.043   0.039   0.864   0.815
  1704    24    0.865   0.818   0.176   0.160   0.036   0.033   0.869   0.821
  1705    24    0.772   0.730   0.263   0.239   0.054   0.049   0.778   0.734
  1706    24    0.793   0.751   0.185   0.165   0.038   0.034   0.798   0.755
  1707    24    0.641   0.601   0.251   0.224   0.051   0.046   0.650   0.609
  1708    24    0.957   0.928   0.240   0.212   0.049   0.043   0.958   0.927
  1709    24    1.041   0.992   0.248   0.218   0.051   0.044   1.040   0.990
  1710    24    1.042   0.997   0.249   0.227   0.051   0.046   1.041   0.995
  1711    24    1.170   1.131   0.247   0.227   0.050   0.046   1.165   1.125
  1712    24    1.004   0.978   0.227   0.215   0.046   0.044   1.004   0.976
  1713    24    1.187   1.152   0.258   0.252   0.053   0.052   1.182   1.146
  1714    24    1.152   1.117   0.266   0.256   0.054   0.052   1.148   1.111
  1715    24    1.084   1.053   0.269   0.257   0.055   0.052   1.082   1.049
  1716    24    1.106   1.073   0.251   0.245   0.051   0.050   1.103   1.068
  1717    24    0.893   0.872   0.214   0.208   0.044   0.042   0.895   0.872
  1718    24    1.035   1.004   0.226   0.219   0.046   0.045   1.034   1.002
  1719    24    1.046   1.018   0.181   0.175   0.037   0.036   1.045   1.015
  1720    24    0.777   0.762   0.168   0.158   0.034   0.032   0.783   0.766
  1721    24    0.666   0.646   0.178   0.173   0.036   0.035   0.675   0.653
  1722    25    1.011   0.990   0.190   0.194   0.038   0.039   1.011   0.988
  1723    25    0.926   0.910   0.204   0.207   0.041   0.041   0.928   0.910
  1724    25    1.193   1.172   0.221   0.222   0.044   0.044   1.187   1.166
  1725    25    0.979   0.964   0.162   0.155   0.032   0.031   0.980   0.962
  1726    25    1.045   1.027   0.149   0.148   0.030   0.030   1.043   1.024
  1727    25    0.908   0.886   0.232   0.224   0.046   0.045   0.910   0.887
  1728    25    1.041   1.023   0.173   0.172   0.035   0.034   1.040   1.020
  1729    25    1.044   1.031   0.173   0.167   0.035   0.033   1.042   1.027
  1730    25    0.989   0.974   0.151   0.149   0.030   0.030   0.990   0.973
  1731    25    0.687   0.677   0.161   0.151   0.032   0.030   0.695   0.683
  1732    25    0.947   0.943   0.242   0.232   0.048   0.046   0.948   0.943
  1733    25    0.774   0.765   0.225   0.218   0.045   0.044   0.780   0.768
  1734    25    0.845   0.833   0.221   0.220   0.044   0.044   0.849   0.835
  1735    25    0.950   0.938   0.184   0.179   0.037   0.036   0.952   0.937
  1736    25    0.942   0.934   0.186   0.178   0.037   0.036   0.944   0.933
  1737    26    0.972   0.961   0.137   0.127   0.027   0.025   0.973   0.960
  1738    26    0.808   0.807   0.180   0.170   0.035   0.033   0.813   0.810
  1739    26    1.199   1.203   0.215   0.214   0.042   0.042   1.194   1.195
  1740    26    1.081   1.086   0.158   0.149   0.031   0.029   1.079   1.082
  1741    26    1.011   1.015   0.151   0.143   0.030   0.028   1.011   1.012
  1742    26    1.035   1.041   0.211   0.212   0.041   0.042   1.034   1.037
  1743    26    1.062   1.075   0.214   0.216   0.042   0.042   1.060   1.070
  1744    26    1.230   1.241   0.264   0.271   0.052   0.053   1.224   1.232
  1745    26    1.009   1.016   0.150   0.163   0.029   0.032   1.008   1.013
  1746    26    1.248   1.261   0.195   0.205   0.038   0.040   1.241   1.252
  1747    26    1.331   1.337   0.267   0.261   0.052   0.051   1.321   1.326
  1748    26    1.414   1.425   0.205   0.211   0.040   0.041   1.403   1.411
  1749    27    1.295   1.310   0.214   0.238   0.041   0.046   1.287   1.299
  1750    27    1.174   1.182   0.270   0.297   0.052   0.057   1.169   1.175
  1751    28    1.128   1.148   0.261   0.263   0.049   0.050   1.125   1.142
  1752    28    1.259   1.286   0.264   0.260   0.050   0.049   1.252   1.276
  1753    28    1.260   1.281   0.270   0.271   0.051   0.051   1.253   1.271
  1754    28    1.123   1.146   0.208   0.210   0.039   0.040   1.120   1.140
  1755    28    0.920   0.937   0.194   0.201   0.037   0.038   0.922   0.937
  1756    28    1.110   1.134   0.252   0.253   0.048   0.048   1.107   1.128
  1757    28    0.951   0.969   0.150   0.145   0.028   0.027   0.952   0.967
  1758    28    0.792   0.805   0.132   0.132   0.025   0.025   0.797   0.808
  1759    28    1.060   1.082   0.153   0.136   0.029   0.026   1.058   1.077
  1760    28    1.102   1.132   0.134   0.121   0.025   0.023   1.099   1.126
  1761    28    0.949   0.971   0.173   0.178   0.033   0.034   0.950   0.969
  1762    28    0.802   0.817   0.212   0.207   0.040   0.039   0.807   0.819
  1763    28    1.038   1.062   0.174   0.164   0.033   0.031   1.037   1.058
  1764    28    0.942   0.951   0.149   0.155   0.028   0.029   0.944   0.950
  1765    28    0.883   0.899   0.181   0.164   0.034   0.031   0.886   0.899
  1766    28    1.063   1.082   0.205   0.201   0.039   0.038   1.061   1.077
  1767    28    0.892   0.912   0.124   0.125   0.023   0.024   0.894   0.912
  1768    28    0.744   0.758   0.174   0.172   0.033   0.033   0.750   0.762
  1769    28    1.069   1.098   0.136   0.128   0.026   0.024   1.067   1.093
  1770    28    1.106   1.135   0.193   0.191   0.037   0.036   1.103   1.129
  1771    28    0.874   0.891   0.202   0.199   0.038   0.038   0.877   0.892
  1772    28    1.098   1.122   0.203   0.189   0.038   0.036   1.096   1.116
  1773    28    1.026   1.051   0.218   0.207   0.041   0.039   1.025   1.047
  1774    28    0.813   0.832   0.189   0.190   0.036   0.036   0.818   0.834
  1775    28    0.920   0.947   0.144   0.152   0.027   0.029   0.922   0.946
  1776    28    1.149   1.186   0.253   0.288   0.048   0.054   1.145   1.178
  1777    28    1.063   1.089   0.160   0.180   0.030   0.034   1.062   1.084
  1778    28    0.929   0.950   0.183   0.196   0.035   0.037   0.931   0.949
  1779    28    1.325   1.343   0.182   0.191   0.034   0.036   1.317   1.331
  1780    29    0.958   0.977   0.200   0.216   0.037   0.040   0.959   0.975
  1781    29    0.907   0.918   0.204   0.208   0.038   0.039   0.909   0.918
  1782    29    0.740   0.749   0.193   0.197   0.036   0.037   0.747   0.753
  1783    29    1.039   1.054   0.214   0.222   0.040   0.041   1.038   1.050
  1784    29    1.020   1.035   0.199   0.199   0.037   0.037   1.020   1.032
  1785    29    1.013   1.025   0.207   0.209   0.038   0.039   1.012   1.021
  1786    29    0.904   0.916   0.182   0.181   0.034   0.034   0.907   0.915
  1787    29    1.205   1.215   0.260   0.258   0.048   0.048   1.200   1.206
  1788    29    0.735   0.734   0.171   0.174   0.032   0.032   0.741   0.739
  1789    29    1.151   1.153   0.216   0.209   0.040   0.039   1.147   1.145
  1790    30    0.904   0.902   0.137   0.153   0.025   0.028   0.906   0.901
  1791    30    1.112   1.107   0.181   0.169   0.033   0.031   1.109   1.101
  1792    30    1.020   1.015   0.187   0.186   0.034   0.034   1.020   1.011
  1793    30    1.047   1.050   0.178   0.169   0.033   0.031   1.046   1.046
  1794    30    1.068   1.081   0.212   0.213   0.039   0.039   1.066   1.076
  1795    31    1.197   1.203   0.229   0.223   0.041   0.040   1.194   1.196
  1796    31    1.246   1.252   0.196   0.193   0.035   0.035   1.241   1.244
  1797    32    1.078   1.075   0.183   0.187   0.032   0.033   1.077   1.070
  1798    32    1.225   1.222   0.286   0.273   0.051   0.048   1.221   1.215
  1799    32    1.112   1.118   0.237   0.231   0.042   0.041   1.110   1.113
  1800    33    1.066   1.069   0.224   0.217   0.039   0.038   1.065   1.065
  1801    33    1.181   1.176   0.174   0.181   0.030   0.031   1.178   1.170
  1802    33    1.012   1.006   0.176   0.178   0.031   0.031   1.012   1.003
  1803    33    1.223   1.208   0.227   0.224   0.040   0.039   1.219   1.201
  1804    33    1.328   1.312   0.253   0.232   0.044   0.040   1.323   1.304
  1805    33    1.121   1.105   0.257   0.233   0.045   0.041   1.119   1.100
  1806    33    1.273   1.269   0.199   0.208   0.035   0.036   1.268   1.262
  1807    33    1.297   1.284   0.201   0.198   0.035   0.035   1.292   1.276
  1808    33    1.149   1.139   0.225   0.219   0.039   0.038   1.146   1.133
  1809    33    1.053   1.023   0.182   0.191   0.032   0.033   1.052   1.019
  1810    33    0.996   0.967   0.161   0.169   0.028   0.029   0.996   0.965
  1811    33    1.227   1.186   0.169   0.164   0.029   0.029   1.223   1.180
  1812    33    0.786   0.753   0.162   0.153   0.028   0.027   0.790   0.754
  1813    33    0.873   0.843   0.180   0.170   0.031   0.030   0.875   0.843
  1814    33    0.916   0.874   0.204   0.201   0.036   0.035   0.917   0.873
  1815    33    0.756   0.726   0.165   0.153   0.029   0.027   0.760   0.727
  1816    33    1.081   1.031   0.143   0.139   0.025   0.024   1.080   1.027
  1817    33    0.861   0.817   0.176   0.162   0.031   0.028   0.864   0.817
  1818    33    0.965   0.908   0.162   0.153   0.028   0.027   0.966   0.907
  1819    33    0.830   0.781   0.186   0.168   0.032   0.029   0.833   0.782
  1820    33    0.615   0.573   0.158   0.146   0.027   0.025   0.622   0.577
  1821    33    0.684   0.636   0.151   0.145   0.026   0.025   0.689   0.640
  1822    33    0.891   0.828   0.146   0.135   0.025   0.023   0.893   0.827
  1823    33    0.866   0.804   0.145   0.136   0.025   0.024   0.868   0.804
  1824    33    0.903   0.851   0.174   0.149   0.030   0.026   0.905   0.851
  1825    33    0.889   0.826   0.202   0.165   0.035   0.029   0.891   0.826
  1826    33    1.058   0.996   0.187   0.151   0.033   0.026   1.057   0.994
  1827    33    0.933   0.862   0.211   0.166   0.037   0.029   0.934   0.861
  1828    33    1.002   0.918   0.146   0.123   0.025   0.021   1.002   0.916
  1829    33    1.102   1.012   0.168   0.158   0.029   0.028   1.100   1.009
  1830    33    1.124   1.032   0.182   0.156   0.032   0.027   1.121   1.028
  1831    33    1.028   0.943   0.190   0.154   0.033   0.027   1.027   0.941
  1832    33    0.831   0.759   0.201   0.167   0.035   0.029   0.834   0.760
  1833    33    0.620   0.564   0.238   0.200   0.041   0.035   0.626   0.569
  1834    33    0.877   0.807   0.294   0.285   0.051   0.050   0.879   0.808
  1835    33    0.844   0.765   0.215   0.204   0.037   0.035   0.846   0.766
  1836    33    0.845   0.774   0.144   0.135   0.025   0.023   0.848   0.775
  1837    33    0.665   0.596   0.160   0.145   0.028   0.025   0.671   0.600
  1838    33    0.935   0.858   0.171   0.160   0.030   0.028   0.936   0.857
  1839    33    0.732   0.671   0.151   0.123   0.026   0.021   0.737   0.673
  1840    33    0.805   0.737   0.156   0.132   0.027   0.023   0.808   0.739
  1841    33    0.838   0.763   0.154   0.133   0.027   0.023   0.841   0.764
  1842    33    0.954   0.868   0.146   0.135   0.025   0.023   0.955   0.867
  1843    33    0.847   0.795   0.166   0.144   0.029   0.025   0.850   0.796
  1844    33    0.883   0.806   0.135   0.126   0.023   0.022   0.885   0.806
  1845    33    1.038   0.966   0.171   0.148   0.030   0.026   1.037   0.963
  1846    33    1.050   0.973   0.194   0.161   0.034   0.028   1.049   0.970
  1847    33    0.841   0.772   0.256   0.222   0.045   0.039   0.844   0.773
  1848    33    0.836   0.771   0.192   0.166   0.033   0.029   0.839   0.772
  1849    33    0.908   0.836   0.188   0.160   0.033   0.028   0.909   0.835
  1850    33    0.876   0.813   0.139   0.121   0.024   0.021   0.878   0.813
  1851    33    1.132   1.077   0.176   0.188   0.031   0.033   1.129   1.073
  1852    33    1.370   1.286   0.217   0.200   0.038   0.035   1.364   1.278
  1853    33    1.253   1.179   0.172   0.172   0.030   0.030   1.248   1.173
  1854    33    1.255   1.167   0.232   0.209   0.040   0.036   1.250   1.161
  1855    33    1.011   0.943   0.186   0.174   0.032   0.030   1.010   0.941
  1856    33    1.149   1.073   0.266   0.246   0.046   0.043   1.146   1.069
  1857    33    1.191   1.121   0.190   0.185   0.033   0.032   1.188   1.117
  1858    33    0.947   0.887   0.245   0.228   0.043   0.040   0.948   0.886
  1859    33    0.971   0.909   0.191   0.182   0.033   0.032   0.971   0.908
  1860    33    1.002   0.941   0.203   0.193   0.035   0.034   1.001   0.939
  1861    33    1.227   1.161   0.199   0.183   0.035   0.032   1.223   1.155
  1862    33    1.151   1.094   0.177   0.163   0.031   0.028   1.148   1.090
  1863    33    1.317   1.245   0.129   0.133   0.023   0.023   1.311   1.238
  1864    33    1.175   1.118   0.179   0.170   0.031   0.030   1.172   1.113
  1865    33    0.807   0.762   0.198   0.180   0.034   0.031   0.811   0.763
  1866    33    1.230   1.168   0.214   0.196   0.037   0.034   1.226   1.162
  1867    33    1.085   1.024   0.242   0.216   0.042   0.038   1.084   1.021
  1868    33    0.864   0.814   0.199   0.179   0.035   0.031   0.867   0.814
  1869    33    0.812   0.763   0.161   0.147   0.028   0.026   0.815   0.765
  1870    33    1.061   1.000   0.236   0.231   0.041   0.040   1.060   0.997
  1871    33    1.091   1.032   0.169   0.161   0.029   0.028   1.089   1.029
  1872    33    1.174   1.109   0.226   0.206   0.039   0.036   1.170   1.105
  1873    33    1.030   0.970   0.287   0.270   0.050   0.047   1.029   0.969
  1874    33    1.297   1.226   0.334   0.313   0.058   0.055   1.292   1.220
  1875    33    0.929   0.858   0.220   0.219   0.038   0.038   0.930   0.859
  1876    33    0.947   0.894   0.240   0.225   0.042   0.039   0.948   0.894
  1877    33    0.713   0.665   0.189   0.187   0.033   0.032   0.718   0.669
  1878    33    1.246   1.182   0.226   0.222   0.039   0.039   1.241   1.177
  1879    33    0.996   0.932   0.169   0.157   0.029   0.027   0.996   0.932
  1880    33    0.848   0.795   0.172   0.150   0.030   0.026   0.851   0.797
  1881    33    1.029   0.966   0.188   0.170   0.033   0.030   1.028   0.965
  1882    33    1.211   1.151   0.242   0.214   0.042   0.037   1.207   1.147
  1883    33    1.179   1.109   0.252   0.228   0.044   0.040   1.176   1.106
  1884    33    0.891   0.836   0.224   0.196   0.039   0.034   0.893   0.837
  1885    33    0.948   0.886   0.224   0.200   0.039   0.035   0.949   0.886
  1886    33    1.095   1.023   0.219   0.197   0.038   0.034   1.093   1.021
  1887    33    0.705   0.655   0.198   0.177   0.034   0.031   0.710   0.659
  1888    33    0.703   0.657   0.191   0.164   0.033   0.029   0.708   0.661
  1889    33    0.895   0.837   0.240   0.214   0.042   0.037   0.897   0.838
  1890    33    0.723   0.681   0.181   0.152   0.032   0.026   0.728   0.685
  1891    33    0.586   0.545   0.168   0.150   0.029   0.026   0.593   0.551
  1892    33    0.559   0.522   0.171   0.162   0.030   0.028   0.566   0.528
  1893    33    0.940   0.884   0.192   0.181   0.033   0.032   0.941   0.884
  1894    33    1.070   1.011   0.222   0.200   0.039   0.035   1.069   1.010
  1895    33    0.896   0.854   0.177   0.169   0.031   0.029   0.898   0.855
  1896    33    1.129   1.084   0.224   0.219   0.039   0.038   1.127   1.083
  1897    33    0.948   0.902   0.248   0.219   0.043   0.038   0.949   0.903
  1898    33    1.066   1.020   0.215   0.198   0.037   0.035   1.065   1.019
  1899    33    1.036   0.988   0.238   0.213   0.041   0.037   1.035   0.987
  1900    33    1.127   1.088   0.207   0.189   0.036   0.033   1.125   1.087
  1901    33    0.816   0.773   0.284   0.262   0.049   0.046   0.819   0.776
  1902    33    1.004   0.964   0.210   0.199   0.036   0.035   1.004   0.964
  1903    33    0.811   0.781   0.181   0.154   0.031   0.027   0.814   0.784
  1904    33    0.970   0.943   0.223   0.218   0.039   0.038   0.970   0.944
  1905    33    1.164   1.128   0.239   0.246   0.042   0.043   1.161   1.126
  1906    33    1.049   1.026   0.185   0.177   0.032   0.031   1.049   1.026
  1907    33    0.608   0.593   0.219   0.215   0.038   0.037   0.614   0.599
  1908    33    1.200   1.155   0.200   0.205   0.035   0.036   1.197   1.152
  1909    33    0.957   0.933   0.112   0.136   0.020   0.024   0.958   0.934
  1910    33    1.152   1.130   0.160   0.160   0.028   0.028   1.150   1.129
  1911    33    1.036   1.015   0.179   0.189   0.031   0.033   1.035   1.015
  1912    33    0.971   0.946   0.225   0.209   0.039   0.036   0.972   0.948
  1913    33    0.969   0.939   0.175   0.181   0.030   0.032   0.969   0.941
  1914    33    1.248   1.235   0.276   0.303   0.048   0.053   1.244   1.232
  1915    33    0.659   0.656   0.149   0.155   0.026   0.027   0.665   0.661
  1916    33    0.903   0.907   0.168   0.155   0.029   0.027   0.905   0.909
  1917    33    0.733   0.729   0.163   0.158   0.028   0.027   0.738   0.733
  1918    33    0.919   0.920   0.157   0.167   0.027   0.029   0.920   0.922
  1919    33    1.328   1.335   0.264   0.291   0.046   0.051   1.322   1.332
  1920    33    1.157   1.156   0.245   0.258   0.043   0.045   1.154   1.155
  1921    33    0.787   0.796   0.241   0.254   0.042   0.044   0.791   0.800
  1922    33    0.979   1.002   0.193   0.199   0.034   0.035   0.980   1.003
  1923    33    0.805   0.818   0.141   0.148   0.025   0.026   0.809   0.822
  1924    33    1.106   1.130   0.173   0.200   0.030   0.035   1.104   1.131
  1925    33    1.003   1.030   0.128   0.145   0.022   0.025   1.003   1.031
  1926    33    0.877   0.902   0.197   0.192   0.034   0.033   0.879   0.906
  1927    33    0.828   0.819   0.192   0.200   0.034   0.035   0.831   0.823
  1928    33    0.792   0.818   0.152   0.153   0.026   0.027   0.796   0.823
  1929    33    0.830   0.860   0.159   0.154   0.028   0.027   0.833   0.865
  1930    33    1.078   1.121   0.139   0.155   0.024   0.027   1.076   1.121
  1931    33    0.676   0.704   0.156   0.163   0.027   0.028   0.682   0.710
  1932    33    0.875   0.921   0.238   0.247   0.041   0.043   0.877   0.925
  1933    33    1.007   1.070   0.152   0.148   0.027   0.026   1.007   1.073
  1934    33    1.024   1.091   0.167   0.168   0.029   0.029   1.024   1.093
  1935    33    1.029   1.099   0.167   0.163   0.029   0.028   1.028   1.101
  1936    33    1.096   1.188   0.224   0.233   0.039   0.041   1.095   1.190
  1937    33    1.178   1.247   0.164   0.170   0.029   0.030   1.175   1.247
  1938    33    0.869   0.934   0.199   0.207   0.035   0.036   0.871   0.938
  1939    33    1.207   1.295   0.168   0.176   0.029   0.031   1.204   1.295
  1940    33    1.183   1.277   0.161   0.175   0.028   0.031   1.180   1.278
  1941    33    1.166   1.265   0.211   0.229   0.037   0.040   1.163   1.265
  1942    33    1.358   1.477   0.275   0.287   0.048   0.050   1.351   1.476
  1943    33    1.168   1.274   0.258   0.286   0.045   0.050   1.165   1.275
  1944    33    1.190   1.289   0.237   0.271   0.041   0.047   1.186   1.290
  1945    33    1.140   1.253   0.185   0.201   0.032   0.035   1.138   1.254
  1946    33    0.992   1.080   0.210   0.257   0.037   0.045   0.992   1.083
  1947    33    0.777   0.860   0.297   0.341   0.052   0.059   0.781   0.866
  1948    33    1.045   1.160   0.223   0.254   0.039   0.044   1.044   1.163
  1949    33    1.086   1.207   0.283   0.312   0.049   0.054   1.085   1.209
  1950    33    1.220   1.365   0.224   0.229   0.039   0.040   1.216   1.367
  1951    33    0.922   1.031   0.223   0.250   0.039   0.044   0.923   1.035
  1952    33    1.290   1.446   0.179   0.195   0.031   0.034   1.285   1.446
  1953    33    1.213   1.376   0.213   0.243   0.037   0.042   1.209   1.379
  1954    33    0.940   1.066   0.239   0.275   0.042   0.048   0.941   1.071
  1955    33    0.992   1.123   0.221   0.246   0.038   0.043   0.992   1.128
  1956    33    1.122   1.274   0.236   0.273   0.041   0.047   1.120   1.277
  1957    33    1.188   1.349   0.186   0.208   0.032   0.036   1.184   1.352
  1958    33    1.248   1.421   0.278   0.313   0.048   0.055   1.243   1.424
  1959    33    0.987   1.129   0.223   0.270   0.039   0.047   0.987   1.135
  1960    33    0.956   1.089   0.225   0.269   0.039   0.047   0.957   1.095
  1961    33    1.048   1.203   0.247   0.293   0.043   0.051   1.047   1.208
  1962    33    0.768   0.877   0.209   0.243   0.036   0.042   0.772   0.884
  1963    33    1.141   1.312   0.191   0.216   0.033   0.038   1.139   1.316
  1964    33    1.061   1.227   0.222   0.254   0.039   0.044   1.059   1.232
  1965    33    1.111   1.283   0.219   0.254   0.038   0.044   1.109   1.288
  1966    33    1.128   1.305   0.253   0.284   0.044   0.049   1.126   1.310
  1967    33    0.949   1.095   0.265   0.303   0.046   0.053   0.950   1.102
  1968    33    0.977   1.131   0.152   0.157   0.026   0.027   0.977   1.138
  1969    33    1.013   1.169   0.215   0.247   0.037   0.043   1.013   1.175
  1970    33    1.021   1.192   0.172   0.199   0.030   0.035   1.021   1.198
  1971    33    0.999   1.169   0.158   0.184   0.027   0.032   0.999   1.176
  1972    33    0.896   1.064   0.175   0.206   0.030   0.036   0.898   1.072
  1973    33    1.281   1.508   0.210   0.246   0.037   0.043   1.276   1.513
  1974    33    0.754   0.888   0.168   0.196   0.029   0.034   0.758   0.897
  1975    33    0.864   1.017   0.164   0.191   0.029   0.033   0.866   1.025
  1976    33    0.915   1.086   0.161   0.195   0.028   0.034   0.916   1.094
  1977    33    1.192   1.413   0.175   0.224   0.030   0.039   1.189   1.419
  1978    33    0.980   1.158   0.177   0.213   0.031   0.037   0.980   1.167
  1979    33    1.023   1.214   0.174   0.212   0.030   0.037   1.023   1.224
  1980    33    1.081   1.296   0.192   0.227   0.033   0.040   1.079   1.305
  1981    33    1.040   1.260   0.202   0.252   0.035   0.044   1.039   1.270
  1982    33    0.775   0.923   0.186   0.242   0.032   0.042   0.779   0.932
  1983    33    0.905   1.100   0.181   0.227   0.031   0.039   0.906   1.110
  1984    33    1.051   1.285   0.145   0.196   0.025   0.034   1.050   1.294
  1985    33    0.874   1.054   0.199   0.248   0.035   0.043   0.876   1.064
  1986    33    1.028   1.256   0.179   0.247   0.031   0.043   1.028   1.265
  1987    16    0.773   0.921   0.194   0.236   0.049   0.059   0.781   0.935
  1988    15    1.241   1.491   0.159   0.183   0.041   0.047   1.232   1.490
  1989    15    0.918   1.124   0.121   0.117   0.031   0.030   0.921   1.134
  1990    15    1.285   1.550   0.171   0.230   0.044   0.059   1.273   1.549
  1991    15    0.904   1.083   0.197   0.224   0.051   0.058   0.908   1.094
  1992    15    1.105   1.329   0.185   0.229   0.048   0.059   1.101   1.334
  1993    15    1.030   1.236   0.190   0.221   0.049   0.057   1.029   1.244
  1994    15    1.522   1.850   0.259   0.340   0.067   0.088   1.501   1.844
  1995    15    0.905   1.069   0.140   0.189   0.036   0.049   0.909   1.081
  1996    15    0.792   0.929   0.205   0.253   0.053   0.065   0.801   0.945
  1997    15    1.029   1.249   0.136   0.177   0.035   0.046   1.028   1.258
  1998    15    1.038   1.246   0.248   0.299   0.064   0.077   1.037   1.257
  1999    15    1.091   1.314   0.236   0.237   0.061   0.061   1.087   1.322
  2000    15    0.945   1.146   0.210   0.201   0.054   0.052   0.947   1.157
  2001    15    0.944   1.159   0.267   0.271   0.069   0.070   0.946   1.172
  2002    15    0.849   1.024   0.115   0.123   0.030   0.032   0.855   1.039
  2003    15    1.223   1.457   0.141   0.177   0.036   0.046   1.214   1.464
  2004    15    1.015   1.237   0.156   0.156   0.040   0.040   1.014   1.247
  2005    14    1.238   1.537   0.228   0.278   0.061   0.074   1.227   1.543
