  Year  SSize  StdCrn  SsfCrn  StdSig  SsfSig  StdSee  SsfSee  StdStb  SsfStb
  1362******    1.049   0.997   0.000   0.000   0.000   0.000   1.040   0.994
  1363******    1.465   1.411   0.000   0.000   0.000   0.000   1.375   1.326
  1364******    1.227   1.175   0.000   0.000   0.000   0.000   1.183   1.137
  1365******    1.104   1.053   0.000   0.000   0.000   0.000   1.084   1.039
  1366******    1.658   1.605   0.000   0.000   0.000   0.000   1.530   1.481
  1367******    1.316   1.265   0.000   0.000   0.000   0.000   1.255   1.209
  1368******    1.927   1.875   0.000   0.000   0.000   0.000   1.746   1.698
  1369******    1.067   1.018   0.000   0.000   0.000   0.000   1.055   1.011
  1370******    0.921   0.873   0.000   0.000   0.000   0.000   0.937   0.895
  1371******    0.743   0.696   0.000   0.000   0.000   0.000   0.794   0.753
  1372******    0.838   0.791   0.000   0.000   0.000   0.000   0.871   0.829
  1373******    0.903   0.856   0.000   0.000   0.000   0.000   0.922   0.881
  1374******    0.587   0.540   0.000   0.000   0.000   0.000   0.668   0.628
  1375******    0.851   0.805   0.000   0.000   0.000   0.000   0.881   0.840
  1376******    0.519   0.473   0.000   0.000   0.000   0.000   0.614   0.574
  1377    32    0.537   0.491   0.000   0.000   0.000   0.000   0.628   0.588
  1378     1    0.879   0.833   0.000   0.000   0.000   0.000   0.903   0.862
  1379     1    1.002   0.956   0.000   0.000   0.000   0.000   1.002   0.961
  1380     1    0.977   0.931   0.000   0.000   0.000   0.000   0.982   0.941
  1381     1    0.995   0.950   0.000   0.000   0.000   0.000   0.997   0.956
  1382     1    0.508   0.463   0.000   0.000   0.000   0.000   0.605   0.566
  1383     1    0.372   0.327   0.000   0.000   0.000   0.000   0.496   0.457
  1384     1    0.845   0.800   0.000   0.000   0.000   0.000   0.876   0.836
  1385     1    0.718   0.673   0.000   0.000   0.000   0.000   0.774   0.734
  1386     1    0.836   0.790   0.000   0.000   0.000   0.000   0.869   0.828
  1387     1    0.736   0.690   0.000   0.000   0.000   0.000   0.788   0.748
  1388     1    0.978   0.932   0.000   0.000   0.000   0.000   0.983   0.942
  1389     1    0.455   0.410   0.000   0.000   0.000   0.000   0.563   0.523
  1390     1    0.491   0.446   0.000   0.000   0.000   0.000   0.591   0.552
  1391     1    0.634   0.588   0.000   0.000   0.000   0.000   0.706   0.666
  1392     1    1.042   0.996   0.000   0.000   0.000   0.000   1.034   0.993
  1393     1    1.179   1.132   0.000   0.000   0.000   0.000   1.144   1.102
  1394     1    1.140   1.093   0.000   0.000   0.000   0.000   1.113   1.071
  1395     1    0.524   0.478   0.000   0.000   0.000   0.000   0.618   0.578
  1396     1    0.653   0.607   0.000   0.000   0.000   0.000   0.722   0.681
  1397     1    0.818   0.771   0.000   0.000   0.000   0.000   0.854   0.813
  1398     1    1.184   1.137   0.000   0.000   0.000   0.000   1.149   1.106
  1399     1    1.224   1.176   0.000   0.000   0.000   0.000   1.181   1.137
  1400     1    1.342   1.294   0.000   0.000   0.000   0.000   1.276   1.232
  1401     1    1.564   1.515   0.000   0.000   0.000   0.000   1.454   1.409
  1402     1    1.589   1.540   0.000   0.000   0.000   0.000   1.475   1.429
  1403     1    1.490   1.440   0.000   0.000   0.000   0.000   1.395   1.349
  1404     1    1.759   1.708   0.000   0.000   0.000   0.000   1.611   1.564
  1405     1    1.298   1.248   0.000   0.000   0.000   0.000   1.240   1.195
  1406     1    1.430   1.379   0.000   0.000   0.000   0.000   1.347   1.301
  1407     1    1.053   1.003   0.000   0.000   0.000   0.000   1.043   0.999
  1408     1    1.151   1.100   0.000   0.000   0.000   0.000   1.122   1.077
  1409     1    1.046   0.996   0.000   0.000   0.000   0.000   1.038   0.993
  1410     1    0.637   0.589   0.000   0.000   0.000   0.000   0.709   0.667
  1411     1    1.417   1.365   0.000   0.000   0.000   0.000   1.336   1.289
  1412     1    1.321   1.270   0.000   0.000   0.000   0.000   1.259   1.213
  1413     1    1.079   1.029   0.000   0.000   0.000   0.000   1.064   1.020
  1414     1    1.274   1.224   0.000   0.000   0.000   0.000   1.221   1.176
  1415     1    1.890   1.836   0.000   0.000   0.000   0.000   1.716   1.667
  1416     1    1.354   1.303   0.000   0.000   0.000   0.000   1.285   1.239
  1417     1    1.564   1.512   0.000   0.000   0.000   0.000   1.455   1.407
  1418     1    1.446   1.393   0.000   0.000   0.000   0.000   1.359   1.312
  1419     1    1.001   0.950   0.000   0.000   0.000   0.000   1.001   0.957
  1420     1    0.742   0.693   0.000   0.000   0.000   0.000   0.793   0.750
  1421     1    1.153   1.102   0.000   0.000   0.000   0.000   1.124   1.078
  1422     1    0.926   0.876   0.000   0.000   0.000   0.000   0.941   0.897
  1423     1    0.996   0.946   0.000   0.000   0.000   0.000   0.997   0.953
  1424     1    1.297   1.247   0.000   0.000   0.000   0.000   1.240   1.194
  1425     1    1.285   1.235   0.000   0.000   0.000   0.000   1.230   1.185
  1426     1    1.493   1.444   0.000   0.000   0.000   0.000   1.398   1.352
  1427     1    1.178   1.130   0.000   0.000   0.000   0.000   1.144   1.101
  1428     1    1.430   1.383   0.000   0.000   0.000   0.000   1.346   1.304
  1429     1    1.056   1.011   0.000   0.000   0.000   0.000   1.046   1.006
  1430     1    1.447   1.405   0.000   0.000   0.000   0.000   1.360   1.321
  1431     1    1.454   1.416   0.000   0.000   0.000   0.000   1.366   1.330
  1432     1    1.059   1.022   0.000   0.000   0.000   0.000   1.048   1.014
  1433     1    1.199   1.167   0.000   0.000   0.000   0.000   1.160   1.131
  1434     1    0.962   0.932   0.000   0.000   0.000   0.000   0.970   0.942
  1435     1    0.467   0.431   0.000   0.000   0.000   0.000   0.572   0.540
  1436     1    0.890   0.867   0.000   0.000   0.000   0.000   0.912   0.890
  1437     1    0.685   0.659   0.000   0.000   0.000   0.000   0.747   0.723
  1438     1    0.752   0.733   0.000   0.000   0.000   0.000   0.801   0.782
  1439     1    0.977   0.969   0.000   0.000   0.000   0.000   0.982   0.972
  1440     1    0.946   0.941   0.000   0.000   0.000   0.000   0.957   0.949
  1441     1    0.768   0.758   0.000   0.000   0.000   0.000   0.814   0.803
  1442     1    0.373   0.347   0.000   0.000   0.000   0.000   0.496   0.473
  1443     1    0.867   0.869   0.000   0.000   0.000   0.000   0.894   0.891
  1444     1    1.022   1.036   0.000   0.000   0.000   0.000   1.019   1.025
  1445     1    0.955   0.968   0.000   0.000   0.000   0.000   0.964   0.970
  1446     1    0.810   0.817   0.000   0.000   0.000   0.000   0.848   0.850
  1447     1    0.641   0.639   0.000   0.000   0.000   0.000   0.712   0.707
  1448     2    1.092   1.106   0.054   0.084   0.038   0.059   1.082   1.089
  1449     2    0.896   0.899   0.016   0.040   0.011   0.028   0.909   0.906
  1450     2    1.130   1.142   0.244   0.228   0.173   0.161   1.116   1.121
  1451     2    1.360   1.386   0.114   0.084   0.080   0.060   1.320   1.337
  1452     2    1.394   1.422   0.056   0.095   0.039   0.067   1.349   1.369
  1453     2    1.392   1.418   0.089   0.058   0.063   0.041   1.348   1.365
  1454     2    1.069   1.076   0.077   0.055   0.054   0.039   1.062   1.063
  1455     2    0.824   0.817   0.108   0.095   0.076   0.067   0.844   0.834
  1456     2    0.703   0.689   0.162   0.155   0.115   0.110   0.737   0.721
  1457     2    0.911   0.905   0.354   0.353   0.251   0.250   0.922   0.911
  1458     2    1.160   1.162   0.499   0.501   0.353   0.354   1.143   1.139
  1459     2    0.384   0.353   0.220   0.224   0.156   0.158   0.454   0.423
  1460     2    1.014   1.007   0.305   0.305   0.216   0.216   1.013   1.002
  1461     2    1.161   1.158   0.070   0.063   0.049   0.044   1.143   1.136
  1462     2    0.924   0.910   0.045   0.050   0.032   0.035   0.933   0.916
  1463     2    1.121   1.110   0.103   0.106   0.073   0.075   1.108   1.093
  1464     2    0.987   0.969   0.079   0.077   0.056   0.054   0.989   0.968
  1465     2    0.743   0.714   0.164   0.159   0.116   0.112   0.773   0.743
  1466     2    0.603   0.571   0.305   0.321   0.216   0.227   0.649   0.616
  1467     2    1.306   1.283   0.418   0.454   0.296   0.321   1.272   1.245
  1468     2    1.279   1.249   0.267   0.307   0.189   0.217   1.248   1.216
  1469     2    1.233   1.187   0.402   0.360   0.284   0.254   1.207   1.161
  1470     2    0.715   0.666   0.214   0.185   0.151   0.131   0.748   0.701
  1471     2    1.141   1.095   0.100   0.152   0.071   0.107   1.125   1.079
  1472     2    1.138   1.088   0.049   0.105   0.035   0.074   1.123   1.073
  1473     2    1.125   1.068   0.079   0.017   0.056   0.012   1.112   1.056
  1474     2    0.850   0.790   0.154   0.103   0.109   0.073   0.868   0.811
  1475     2    0.956   0.897   0.033   0.092   0.023   0.065   0.962   0.905
  1476     2    0.299   0.251   0.064   0.082   0.045   0.058   0.380   0.333
  1477     2    1.161   1.086   0.198   0.112   0.140   0.079   1.144   1.072
  1478     2    1.124   1.044   0.244   0.155   0.173   0.109   1.111   1.035
  1479     2    0.856   0.793   0.157   0.221   0.111   0.156   0.873   0.813
  1480     2    0.899   0.829   0.087   0.161   0.061   0.114   0.911   0.845
  1481     2    0.113   0.058   0.153   0.138   0.108   0.097   0.215   0.163
  1482     2    1.247   1.165   0.195   0.303   0.138   0.214   1.220   1.142
  1483     2    0.979   0.889   0.208   0.109   0.147   0.077   0.982   0.898
  1484     2    1.313   1.220   0.039   0.161   0.028   0.114   1.278   1.191
  1485     2    1.224   1.126   0.159   0.038   0.113   0.027   1.199   1.107
  1486     2    0.889   0.813   0.060   0.142   0.042   0.100   0.902   0.830
  1487     2    1.115   1.023   0.100   0.010   0.071   0.007   1.102   1.016
  1488     2    0.634   0.565   0.016   0.075   0.011   0.053   0.676   0.611
  1489     2    0.817   0.750   0.183   0.252   0.129   0.178   0.839   0.774
  1490     2    0.620   0.554   0.009   0.065   0.006   0.046   0.664   0.601
  1491     2    0.611   0.543   0.088   0.033   0.062   0.023   0.656   0.591
  1492     2    0.444   0.385   0.026   0.010   0.019   0.007   0.508   0.452
  1493     2    0.944   0.878   0.056   0.125   0.040   0.088   0.951   0.888
  1494     2    0.613   0.555   0.052   0.010   0.037   0.007   0.658   0.602
  1495     2    0.557   0.502   0.095   0.061   0.067   0.043   0.608   0.555
  1496     2    0.524   0.468   0.347   0.318   0.245   0.225   0.579   0.525
  1497     2    0.739   0.696   0.106   0.134   0.075   0.095   0.769   0.727
  1498     2    0.767   0.731   0.138   0.158   0.097   0.112   0.794   0.758
  1499     2    0.967   0.937   0.159   0.178   0.113   0.126   0.971   0.940
  1500     2    1.139   1.116   0.159   0.152   0.112   0.107   1.124   1.098
  1501     2    0.660   0.632   0.040   0.040   0.028   0.028   0.700   0.670
  1502     2    0.943   0.927   0.124   0.122   0.088   0.086   0.950   0.931
  1503     2    0.813   0.795   0.401   0.405   0.283   0.286   0.835   0.814
  1504     2    1.071   1.067   0.159   0.146   0.112   0.103   1.064   1.055
  1505     2    2.147   2.178   1.555   1.573   1.100   1.112   2.018   2.037
  1506     2    1.372   1.377   0.941   0.949   0.665   0.671   1.331   1.329
  1507     2    1.570   1.591   0.329   0.304   0.232   0.215   1.506   1.519
  1508     2    1.090   1.092   0.030   0.005   0.021   0.004   1.080   1.077
  1509     2    1.265   1.272   0.189   0.169   0.133   0.119   1.236   1.236
  1510     2    0.976   0.971   0.071   0.055   0.050   0.039   0.980   0.970
  1511     2    1.049   1.046   0.088   0.109   0.062   0.077   1.044   1.036
  1512     2    1.349   1.354   0.083   0.068   0.059   0.048   1.310   1.308
  1513     2    1.162   1.157   0.052   0.065   0.037   0.046   1.144   1.135
  1514     2    1.279   1.275   0.256   0.271   0.181   0.191   1.248   1.239
  1515     2    0.878   0.858   0.359   0.371   0.254   0.262   0.892   0.870
  1516     2    0.791   0.767   0.144   0.146   0.102   0.103   0.815   0.790
  1517     2    1.325   1.313   0.285   0.287   0.201   0.203   1.289   1.273
  1518     2    1.283   1.268   0.446   0.449   0.315   0.318   1.252   1.232
  1519     2    1.092   1.070   0.428   0.429   0.303   0.303   1.082   1.058
  1520     2    0.287   0.248   0.042   0.046   0.030   0.032   0.369   0.331
  1521     2    0.818   0.791   0.112   0.108   0.079   0.077   0.839   0.811
  1522     2    1.056   1.036   0.214   0.213   0.152   0.151   1.050   1.028
  1523     2    1.082   1.065   0.420   0.428   0.297   0.303   1.073   1.053
  1524     2    0.863   0.843   0.354   0.363   0.250   0.257   0.879   0.856
  1525     2    1.387   1.385   0.323   0.337   0.228   0.238   1.344   1.336
  1526     2    1.061   1.052   0.257   0.272   0.182   0.192   1.055   1.042
  1527     2    1.119   1.115   0.318   0.341   0.225   0.241   1.106   1.097
  1528     2    0.745   0.730   0.259   0.279   0.183   0.198   0.775   0.757
  1529     2    1.162   1.166   0.131   0.157   0.093   0.111   1.144   1.142
  1530     2    1.281   1.295   0.231   0.270   0.163   0.191   1.250   1.256
  1531     2    1.293   1.310   0.186   0.227   0.131   0.160   1.260   1.269
  1532     2    1.330   1.355   0.510   0.570   0.360   0.403   1.294   1.310
  1533     2    0.438   0.416   0.193   0.214   0.136   0.151   0.502   0.479
  1534     2    0.516   0.498   0.159   0.182   0.112   0.128   0.572   0.552
  1535     2    1.179   1.194   0.095   0.134   0.067   0.095   1.159   1.167
  1536     2    1.186   1.201   0.067   0.036   0.047   0.025   1.166   1.173
  1537     2    0.819   0.816   0.083   0.110   0.058   0.078   0.840   0.833
  1538     2    1.347   1.367   0.289   0.267   0.204   0.189   1.308   1.320
  1539     2    1.512   1.541   0.101   0.067   0.071   0.048   1.455   1.474
  1540     2    1.308   1.325   0.117   0.092   0.083   0.065   1.274   1.283
  1541     2    1.275   1.292   0.164   0.198   0.116   0.140   1.245   1.254
  1542     2    1.424   1.446   0.163   0.197   0.115   0.139   1.376   1.390
  1543     2    1.381   1.399   0.021   0.045   0.015   0.032   1.339   1.348
  1544     3    0.365   0.368   0.042   0.053   0.024   0.031   0.416   0.414
  1545     3    0.985   0.974   0.276   0.061   0.159   0.035   0.987   0.972
  1546     3    0.878   0.901   0.095   0.056   0.055   0.032   0.888   0.904
  1547     3    1.004   1.112   0.009   0.071   0.005   0.041   1.004   1.098
  1548     3    1.150   1.164   0.027   0.004   0.015   0.002   1.139   1.146
  1549     3    0.666   0.645   0.063   0.080   0.036   0.046   0.693   0.669
  1550     3    0.823   0.863   0.085   0.083   0.049   0.048   0.838   0.869
  1551     3    1.027   1.094   0.091   0.087   0.052   0.050   1.026   1.082
  1552     3    1.018   1.136   0.014   0.024   0.008   0.014   1.017   1.121
  1553     3    0.569   0.546   0.147   0.128   0.085   0.074   0.604   0.577
  1554     3    0.971   1.020   0.082   0.091   0.047   0.052   0.974   1.013
  1555     3    1.506   1.519   0.090   0.361   0.052   0.208   1.466   1.472
  1556     3    0.903   0.893   0.010   0.056   0.006   0.032   0.911   0.897
  1557     3    0.885   0.897   0.071   0.108   0.041   0.063   0.895   0.901
  1558     3    1.387   1.399   0.004   0.198   0.003   0.114   1.357   1.362
  1559     3    0.647   0.627   0.189   0.260   0.109   0.150   0.676   0.652
  1560     3    0.912   0.903   0.076   0.037   0.044   0.021   0.920   0.906
  1561     3    1.132   1.229   0.227   0.087   0.131   0.051   1.122   1.206
  1562     3    0.964   0.966   0.014   0.108   0.008   0.062   0.968   0.964
  1563     3    1.004   1.033   0.078   0.138   0.045   0.080   1.004   1.027
  1564     3    1.181   1.224   0.013   0.044   0.007   0.025   1.168   1.202
  1565     3    1.209   1.305   0.296   0.300   0.171   0.173   1.193   1.276
  1566     3    1.056   1.095   0.049   0.011   0.028   0.006   1.052   1.084
  1567     3    0.892   0.879   0.163   0.077   0.094   0.045   0.901   0.884
  1568     3    1.177   1.174   0.251   0.219   0.145   0.126   1.164   1.155
  1569     3    1.116   1.122   0.097   0.020   0.056   0.011   1.107   1.108
  1570     3    1.343   1.344   0.240   0.233   0.139   0.135   1.317   1.312
  1571     3    0.745   0.778   0.084   0.168   0.048   0.097   0.766   0.792
  1572     3    0.389   0.356   0.102   0.071   0.059   0.041   0.438   0.403
  1573     3    0.289   0.273   0.038   0.055   0.022   0.032   0.346   0.327
  1574     3    0.499   0.487   0.156   0.146   0.090   0.084   0.539   0.524
  1575     3    1.085   1.148   0.193   0.085   0.111   0.049   1.079   1.132
  1576     3    0.929   0.975   0.229   0.154   0.132   0.089   0.935   0.973
  1577     3    0.996   1.015   0.190   0.160   0.110   0.093   0.997   1.010
  1578     3    0.798   0.828   0.036   0.119   0.021   0.069   0.814   0.838
  1579     3    0.900   0.940   0.127   0.177   0.074   0.102   0.909   0.941
  1580     3    1.015   1.065   0.129   0.155   0.074   0.089   1.014   1.056
  1581     3    0.984   1.030   0.051   0.096   0.029   0.056   0.986   1.024
  1582     3    1.123   1.151   0.113   0.190   0.065   0.110   1.114   1.135
  1583     3    1.111   1.139   0.058   0.134   0.033   0.078   1.103   1.124
  1584     3    1.540   1.525   0.440   0.651   0.254   0.376   1.498   1.478
  1585     3    1.370   1.349   0.157   0.068   0.091   0.039   1.341   1.316
  1586     3    1.421   1.406   0.089   0.011   0.051   0.006   1.389   1.370
  1587     3    1.412   1.458   0.251   0.331   0.145   0.191   1.380   1.418
  1588     3    1.246   1.314   0.275   0.242   0.159   0.140   1.227   1.286
  1589     3    1.159   1.187   0.137   0.198   0.079   0.114   1.147   1.169
  1590     3    1.156   1.183   0.151   0.240   0.087   0.138   1.144   1.164
  1591     3    1.355   1.393   0.293   0.379   0.169   0.219   1.328   1.358
  1592     3    1.140   1.107   0.135   0.058   0.078   0.034   1.129   1.094
  1593     3    1.207   1.270   0.280   0.241   0.162   0.139   1.191   1.244
  1594     3    1.505   1.519   0.067   0.036   0.039   0.021   1.466   1.473
  1595     3    1.527   1.508   0.057   0.023   0.033   0.013   1.485   1.464
  1596     3    1.332   1.404   0.265   0.211   0.153   0.122   1.306   1.368
  1597     3    1.342   1.415   0.319   0.423   0.184   0.244   1.316   1.378
  1598     3    0.922   0.956   0.062   0.173   0.036   0.100   0.929   0.955
  1599     3    1.226   1.286   0.345   0.301   0.199   0.174   1.209   1.259
  1600     3    1.090   1.136   0.327   0.292   0.189   0.168   1.084   1.121
  1601     3    0.600   0.585   0.105   0.141   0.061   0.082   0.633   0.615
  1602     3    0.163   0.125   0.010   0.018   0.006   0.010   0.230   0.191
  1603     3    0.813   0.809   0.049   0.086   0.028   0.050   0.829   0.820
  1604     3    0.640   0.627   0.099   0.132   0.057   0.076   0.669   0.653
  1605     3    0.639   0.597   0.060   0.021   0.035   0.012   0.668   0.625
  1606     3    1.060   1.075   0.023   0.011   0.014   0.007   1.056   1.066
  1607     3    1.010   0.998   0.023   0.042   0.013   0.024   1.010   0.994
  1608     3    0.324   0.294   0.022   0.042   0.013   0.024   0.378   0.346
  1609     3    1.166   1.129   0.145   0.080   0.084   0.046   1.154   1.115
  1610     3    1.321   1.365   0.289   0.200   0.167   0.115   1.296   1.332
  1611     3    0.710   0.670   0.048   0.011   0.028   0.007   0.733   0.692
  1612     3    1.224   1.190   0.100   0.003   0.058   0.002   1.207   1.170
  1613     3    1.399   1.442   0.040   0.045   0.023   0.026   1.368   1.403
  1614     3    1.413   1.381   0.194   0.093   0.112   0.054   1.381   1.346
  1615     3    1.033   0.997   0.118   0.163   0.068   0.094   1.031   0.993
  1616     3    1.108   1.128   0.176   0.137   0.102   0.079   1.100   1.114
  1617     3    1.195   1.175   0.012   0.021   0.007   0.012   1.180   1.158
  1618     3    1.078   1.094   0.266   0.224   0.153   0.129   1.073   1.083
  1619     3    0.692   0.685   0.056   0.102   0.032   0.059   0.717   0.706
  1620     3    1.097   1.065   0.272   0.263   0.157   0.152   1.090   1.056
  1621     3    1.234   1.205   0.026   0.017   0.015   0.010   1.216   1.185
  1622     3    0.741   0.707   0.092   0.055   0.053   0.032   0.762   0.726
  1623     3    1.041   1.034   0.018   0.033   0.010   0.019   1.038   1.028
  1624     3    0.864   0.860   0.033   0.003   0.019   0.002   0.875   0.868
  1625     3    0.523   0.480   0.043   0.078   0.025   0.045   0.562   0.518
  1626     3    0.337   0.292   0.019   0.011   0.011   0.006   0.390   0.345
  1627     3    1.061   1.061   0.182   0.147   0.105   0.085   1.057   1.053
  1628     3    1.024   0.999   0.208   0.248   0.120   0.143   1.023   0.995
  1629     3    1.308   1.312   0.291   0.262   0.168   0.151   1.284   1.284
  1630     3    1.368   1.352   0.165   0.202   0.096   0.117   1.340   1.319
  1631     3    1.586   1.592   0.117   0.090   0.068   0.052   1.540   1.542
  1632     3    1.134   1.123   0.333   0.387   0.192   0.224   1.124   1.109
  1633     3    1.121   1.107   0.208   0.245   0.120   0.141   1.112   1.094
  1634     3    1.193   1.178   0.402   0.470   0.232   0.271   1.178   1.161
  1635     3    0.886   0.858   0.098   0.146   0.057   0.084   0.896   0.865
  1636     3    1.002   0.979   0.154   0.152   0.089   0.088   1.003   0.977
  1637     3    1.232   1.211   0.341   0.344   0.197   0.199   1.215   1.191
  1638     3    0.834   0.804   0.078   0.132   0.045   0.076   0.848   0.816
  1639     3    1.029   1.001   0.172   0.175   0.099   0.101   1.028   0.997
  1640     3    1.185   1.160   0.066   0.026   0.038   0.015   1.171   1.143
  1641     3    1.005   0.960   0.055   0.023   0.032   0.014   1.006   0.960
  1642     3    0.380   0.340   0.101   0.103   0.058   0.059   0.429   0.389
  1643     3    0.915   0.881   0.061   0.058   0.035   0.034   0.923   0.887
  1644     3    0.874   0.839   0.006   0.002   0.003   0.001   0.885   0.848
  1645     3    1.063   0.965   0.129   0.036   0.074   0.021   1.058   0.965
  1646     3    0.970   0.934   0.096   0.181   0.055   0.104   0.973   0.936
  1647     3    0.845   0.807   0.059   0.057   0.034   0.033   0.858   0.819
  1648     3    0.768   0.731   0.006   0.008   0.003   0.004   0.787   0.749
  1649     3    0.990   0.953   0.145   0.061   0.084   0.035   0.992   0.953
  1650     3    0.480   0.438   0.027   0.027   0.015   0.015   0.521   0.479
  1651     3    1.283   1.246   0.038   0.038   0.022   0.022   1.261   1.223
  1652     3    0.438   0.396   0.167   0.102   0.096   0.059   0.483   0.440
  1653     3    1.115   1.064   0.016   0.020   0.009   0.011   1.106   1.055
  1654     3    1.183   1.043   0.069   0.103   0.040   0.060   1.169   1.036
  1655     3    0.698   0.655   0.034   0.120   0.019   0.069   0.723   0.679
  1656     3    1.160   1.117   0.284   0.410   0.164   0.237   1.148   1.104
  1657     3    1.111   1.066   0.033   0.039   0.019   0.023   1.103   1.057
  1658     3    1.227   1.181   0.125   0.133   0.072   0.077   1.210   1.163
  1659     3    1.218   1.171   0.198   0.206   0.114   0.119   1.201   1.153
  1660     3    1.221   1.173   0.181   0.189   0.104   0.109   1.204   1.155
  1661     3    1.198   1.153   0.207   0.016   0.120   0.010   1.183   1.138
  1662     3    0.475   0.430   0.014   0.015   0.008   0.009   0.518   0.472
  1663     3    0.378   0.333   0.135   0.068   0.078   0.039   0.428   0.382
  1664     3    0.946   0.899   0.137   0.178   0.079   0.103   0.951   0.903
  1665     3    0.960   0.835   0.116   0.023   0.067   0.013   0.963   0.844
  1666     3    1.192   1.089   0.103   0.077   0.059   0.044   1.178   1.079
  1667     3    0.962   0.820   0.147   0.006   0.085   0.004   0.966   0.831
  1668     3    1.145   0.984   0.039   0.200   0.023   0.116   1.134   0.982
  1669     3    0.856   0.724   0.073   0.069   0.042   0.040   0.868   0.742
  1670     3    0.940   0.887   0.202   0.052   0.117   0.030   0.946   0.892
  1671     3    1.233   1.063   0.020   0.188   0.012   0.108   1.215   1.055
  1672     3    1.300   1.251   0.081   0.064   0.047   0.037   1.277   1.227
  1673     3    1.018   0.871   0.132   0.018   0.076   0.010   1.017   0.878
  1674     3    0.906   0.847   0.246   0.230   0.142   0.133   0.914   0.856
  1675     3    1.182   1.020   0.179   0.127   0.103   0.073   1.168   1.016
  1676     3    0.945   0.897   0.109   0.230   0.063   0.133   0.950   0.901
  1677     3    0.370   0.318   0.083   0.074   0.048   0.043   0.420   0.368
  1678     3    1.016   0.965   0.021   0.003   0.012   0.002   1.016   0.964
  1679     3    0.768   0.707   0.093   0.073   0.054   0.042   0.787   0.727
  1680     3    0.392   0.338   0.348   0.337   0.201   0.194   0.441   0.387
  1681     3    0.974   0.906   0.111   0.139   0.064   0.080   0.977   0.910
  1682     3    1.012   0.941   0.099   0.067   0.057   0.039   1.011   0.943
  1683     3    0.932   0.865   0.028   0.002   0.016   0.001   0.938   0.872
  1684     3    0.777   0.711   0.130   0.104   0.075   0.060   0.795   0.730
  1685     3    0.610   0.560   0.004   0.018   0.002   0.010   0.641   0.591
  1686     3    1.066   0.990   0.310   0.199   0.179   0.115   1.062   0.988
  1687     3    1.329   1.175   0.004   0.062   0.002   0.036   1.303   1.158
  1688     3    1.216   1.133   0.010   0.011   0.006   0.006   1.200   1.119
  1689     3    1.279   1.191   0.219   0.163   0.127   0.094   1.258   1.173
  1690     3    0.578   0.513   0.126   0.099   0.072   0.057   0.612   0.548
  1691     3    1.154   1.022   0.067   0.007   0.039   0.004   1.142   1.017
  1692     3    0.929   0.848   0.249   0.182   0.144   0.105   0.935   0.857
  1693     2    0.838   0.774   0.009   0.012   0.007   0.009   0.860   0.796
  1694     2    0.512   0.455   0.033   0.019   0.024   0.014   0.577   0.512
  1695     2    0.706   0.644   0.065   0.044   0.046   0.031   0.746   0.680
  1696     2    1.219   1.145   0.052   0.086   0.037   0.061   1.191   1.126
  1697     2    0.959   0.891   0.031   0.059   0.022   0.042   0.965   0.899
  1698     2    0.978   0.907   0.103   0.070   0.073   0.049   0.981   0.913
  1699     2    0.651   0.591   0.077   0.096   0.055   0.068   0.698   0.633
  1700     2    0.741   0.677   0.020   0.004   0.014   0.003   0.776   0.709
  1701     2    0.482   0.424   0.001   0.015   0.001   0.011   0.551   0.485
  1702     2    0.539   0.479   0.038   0.019   0.027   0.013   0.600   0.534
  1703     2    0.917   0.847   0.090   0.056   0.063   0.040   0.929   0.861
  1704     2    0.588   0.529   0.045   0.064   0.032   0.046   0.643   0.578
  1705     2    0.761   0.694   0.184   0.153   0.130   0.108   0.793   0.724
  1706     2    0.580   0.517   0.214   0.188   0.152   0.133   0.636   0.567
  1707     2    0.528   0.468   0.085   0.063   0.060   0.045   0.591   0.524
  1708     2    0.578   0.517   0.085   0.061   0.060   0.043   0.634   0.567
  1709     2    0.909   0.838   0.179   0.139   0.126   0.098   0.922   0.853
  1710     2    0.917   0.850   0.032   0.067   0.023   0.047   0.929   0.863
  1711     2    1.182   1.106   0.147   0.097   0.104   0.069   1.159   1.091
  1712     2    1.024   0.950   0.220   0.175   0.156   0.124   1.021   0.952
  1713     2    1.167   1.099   0.260   0.299   0.184   0.212   1.145   1.084
  1714     2    0.925   0.858   0.030   0.006   0.021   0.004   0.935   0.870
  1715     2    0.994   0.926   0.046   0.009   0.033   0.006   0.996   0.930
  1716     2    0.538   0.479   0.084   0.063   0.059   0.044   0.599   0.533
  1717     2    0.497   0.440   0.005   0.013   0.003   0.009   0.564   0.499
  1718     2    1.035   0.963   0.243   0.202   0.172   0.143   1.031   0.964
  1719     2    1.512   1.432   0.028   0.025   0.020   0.017   1.445   1.381
  1720     2    1.258   1.182   0.193   0.147   0.137   0.104   1.225   1.158
  1721     2    0.695   0.631   0.255   0.227   0.180   0.160   0.736   0.668
  1722     2    1.151   1.077   0.148   0.108   0.105   0.076   1.132   1.065
  1723     2    1.337   1.256   0.301   0.252   0.213   0.178   1.293   1.224
  1724     2    0.920   0.850   0.237   0.203   0.167   0.143   0.931   0.863
  1725     2    0.758   0.691   0.307   0.277   0.217   0.196   0.791   0.722
  1726     2    0.794   0.726   0.249   0.219   0.176   0.155   0.821   0.753
  1727     2    1.187   1.105   0.590   0.541   0.417   0.383   1.163   1.090
  1728     2    1.199   1.118   0.480   0.434   0.340   0.307   1.173   1.101
  1729     2    1.274   1.194   0.248   0.206   0.175   0.146   1.238   1.169
  1730     2    1.075   1.001   0.098   0.066   0.069   0.047   1.065   0.998
  1731     2    1.097   1.021   0.244   0.209   0.172   0.148   1.085   1.015
  1732     2    0.999   0.927   0.090   0.062   0.063   0.044   1.000   0.931
  1733     2    0.919   0.848   0.149   0.124   0.106   0.088   0.930   0.861
  1734     2    0.811   0.743   0.074   0.054   0.052   0.038   0.837   0.768
  1735     2    1.063   0.987   0.044   0.021   0.031   0.015   1.056   0.985
  1736     2    0.986   0.910   0.128   0.105   0.090   0.074   0.988   0.917
  1737     2    1.140   1.061   0.016   0.005   0.011   0.003   1.122   1.050
  1738     2    1.038   0.961   0.012   0.028   0.009   0.020   1.034   0.962
  1739     2    0.989   0.912   0.059   0.043   0.042   0.031   0.991   0.918
  1740     2    0.999   0.922   0.021   0.032   0.015   0.023   1.000   0.927
  1741     2    1.419   1.328   0.194   0.201   0.137   0.142   1.364   1.288
  1742     2    0.604   0.539   0.056   0.050   0.040   0.035   0.657   0.587
  1743     2    0.373   0.315   0.099   0.094   0.070   0.066   0.456   0.388
  1744     2    1.000   0.920   0.094   0.086   0.066   0.061   1.000   0.926
  1745     2    1.050   0.969   0.114   0.107   0.081   0.076   1.044   0.969
  1746     2    0.811   0.738   0.304   0.292   0.215   0.206   0.837   0.764
  1747     2    1.145   1.061   0.186   0.179   0.131   0.127   1.127   1.050
  1748     2    0.715   0.646   0.154   0.150   0.109   0.106   0.753   0.681
  1749     2    1.116   1.032   0.218   0.215   0.154   0.152   1.101   1.025
  1750     2    1.505   1.407   0.015   0.007   0.011   0.005   1.439   1.358
  1751     2    1.504   1.405   0.085   0.072   0.060   0.051   1.438   1.357
  1752     2    1.244   1.154   0.020   0.010   0.014   0.007   1.213   1.133
  1753     2    1.993   1.875   0.056   0.071   0.039   0.050   1.862   1.774
  1754     2    0.981   0.900   0.123   0.128   0.087   0.091   0.984   0.908
  1755     2    1.552   1.448   0.239   0.213   0.169   0.151   1.480   1.395
  1756     2    1.266   1.174   0.096   0.108   0.068   0.076   1.232   1.151
  1757     2    1.053   0.969   0.103   0.113   0.073   0.080   1.047   0.968
  1758     2    0.683   0.611   0.006   0.015   0.004   0.011   0.725   0.651
  1759     2    0.997   0.913   0.074   0.086   0.052   0.061   0.998   0.919
  1760     2    0.647   0.576   0.073   0.080   0.051   0.057   0.694   0.620
  1761     2    0.830   0.751   0.068   0.079   0.048   0.056   0.853   0.775
  1762     2    1.090   1.000   0.093   0.106   0.066   0.075   1.079   0.996
  1763     3    1.109   1.028   0.286   0.306   0.165   0.177   1.100   1.022
  1764     4    1.257   1.163   0.350   0.347   0.175   0.174   1.237   1.148
  1765     4    1.126   1.031   0.254   0.239   0.127   0.119   1.116   1.025
  1766     4    1.288   1.192   0.205   0.212   0.102   0.106   1.265   1.175
  1767     4    0.520   0.454   0.069   0.074   0.035   0.037   0.560   0.490
  1768     4    0.276   0.222   0.013   0.009   0.006   0.004   0.336   0.274
  1769     4    1.048   0.962   0.150   0.129   0.075   0.064   1.045   0.961
  1770     4    0.979   0.897   0.222   0.199   0.111   0.100   0.982   0.901
  1771     4    1.136   1.039   0.225   0.203   0.112   0.101   1.126   1.032
  1772     4    1.170   1.085   0.094   0.106   0.047   0.053   1.157   1.075
  1773     4    1.011   0.940   0.225   0.239   0.112   0.119   1.011   0.941
  1774     4    1.384   1.308   0.157   0.186   0.078   0.093   1.353   1.282
  1775     5    0.710   0.658   0.127   0.149   0.057   0.067   0.731   0.675
  1776     5    1.006   0.952   0.106   0.150   0.047   0.067   1.007   0.952
  1777     6    1.162   1.084   0.296   0.269   0.121   0.110   1.153   1.075
  1778     6    0.371   0.326   0.129   0.128   0.053   0.052   0.410   0.361
  1779     6    0.940   0.865   0.048   0.084   0.020   0.034   0.944   0.870
  1780     6    1.036   0.946   0.028   0.033   0.012   0.014   1.034   0.946
  1781     6    1.049   0.979   0.204   0.160   0.083   0.065   1.047   0.976
  1782     6    0.738   0.676   0.217   0.176   0.088   0.072   0.755   0.692
  1783     6    1.186   1.110   0.047   0.041   0.019   0.017   1.176   1.100
  1784     6    0.767   0.673   0.198   0.205   0.081   0.084   0.782   0.688
  1785     6    0.106   0.053   0.169   0.161   0.069   0.066   0.160   0.104
  1786     6    0.980   0.907   0.408   0.395   0.166   0.161   0.982   0.908
  1787     6    1.173   1.105   0.266   0.290   0.109   0.118   1.163   1.094
  1788     6    1.191   1.157   0.170   0.230   0.069   0.094   1.180   1.144
  1789     6    1.365   1.279   0.343   0.337   0.140   0.138   1.344   1.259
  1790     6    1.215   1.119   0.162   0.093   0.066   0.038   1.203   1.109
  1791     6    1.269   1.180   0.300   0.269   0.122   0.110   1.253   1.166
  1792     6    1.129   1.047   0.251   0.223   0.103   0.091   1.122   1.041
  1793     6    1.397   1.284   0.414   0.348   0.169   0.142   1.374   1.265
  1794     7    1.314   1.299   0.377   0.274   0.143   0.104   1.304   1.287
  1795     7    1.358   1.278   0.431   0.188   0.163   0.071   1.346   1.266
  1796     7    1.507   1.472   0.372   0.298   0.141   0.113   1.490   1.455
  1797     7    1.216   1.151   0.403   0.397   0.152   0.150   1.209   1.143
  1798     7    1.230   1.174   0.232   0.251   0.088   0.095   1.223   1.166
  1799     7    1.172   1.056   0.205   0.161   0.078   0.061   1.167   1.051
  1800     7    0.723   0.663   0.487   0.485   0.184   0.183   0.733   0.669
  1801     7    0.264   0.261   0.306   0.293   0.116   0.111   0.290   0.280
  1802     7    0.372   0.312   0.201   0.192   0.076   0.073   0.394   0.328
  1803     7    0.832   0.749   0.264   0.247   0.100   0.093   0.838   0.753
  1804     7    1.067   0.979   0.154   0.162   0.058   0.061   1.066   0.977
  1805     7    1.235   1.161   0.141   0.099   0.053   0.038   1.227   1.154
  1806     7    1.046   0.931   0.170   0.158   0.064   0.060   1.045   0.930
  1807     7    1.417   1.321   0.306   0.208   0.116   0.079   1.404   1.307
  1808     7    1.282   1.162   0.242   0.192   0.092   0.072   1.273   1.153
  1809     7    0.513   0.438   0.182   0.139   0.069   0.053   0.530   0.451
  1810     7    0.524   0.442   0.161   0.111   0.061   0.042   0.541   0.455
  1811     7    0.442   0.360   0.111   0.098   0.042   0.037   0.462   0.376
  1812     7    1.144   0.997   0.178   0.155   0.067   0.059   1.140   0.993
  1813     7    1.391   1.227   0.206   0.184   0.078   0.070   1.379   1.216
  1814     7    1.348   1.195   0.376   0.303   0.142   0.114   1.337   1.186
  1815     7    1.209   1.061   0.337   0.280   0.127   0.106   1.203   1.056
  1816     7    1.398   1.224   0.390   0.304   0.148   0.115   1.385   1.213
  1817     7    0.900   0.783   0.128   0.115   0.048   0.043   0.904   0.785
  1818     7    0.667   0.575   0.166   0.122   0.063   0.046   0.679   0.584
  1819     7    0.774   0.661   0.261   0.229   0.098   0.086   0.782   0.667
  1820     8    0.990   0.899   0.245   0.196   0.087   0.069   0.991   0.896
  1821     8    0.854   0.746   0.157   0.120   0.055   0.043   0.858   0.747
  1822     8    1.040   0.926   0.204   0.195   0.072   0.069   1.040   0.923
  1823     8    1.310   1.268   0.217   0.207   0.077   0.073   1.304   1.259
  1824     8    1.307   1.174   0.252   0.212   0.089   0.075   1.301   1.166
  1825     8    1.157   1.009   0.207   0.196   0.073   0.069   1.154   1.005
  1826     8    1.220   1.064   0.201   0.161   0.071   0.057   1.215   1.059
  1827     8    1.221   1.062   0.372   0.334   0.131   0.118   1.217   1.057
  1828     8    1.298   1.180   0.231   0.164   0.082   0.058   1.292   1.172
  1829     8    1.033   0.920   0.145   0.147   0.051   0.052   1.033   0.917
  1830     8    0.903   0.770   0.246   0.207   0.087   0.073   0.906   0.771
  1831     8    0.345   0.292   0.060   0.068   0.021   0.024   0.360   0.302
  1832     8    1.039   0.929   0.196   0.131   0.069   0.046   1.039   0.926
  1833     8    1.174   1.064   0.182   0.148   0.064   0.052   1.171   1.058
  1834     8    1.386   1.243   0.307   0.269   0.109   0.095   1.378   1.233
  1835     8    0.776   0.658   0.165   0.148   0.058   0.052   0.782   0.660
  1836     9    1.077   0.959   0.290   0.267   0.097   0.089   1.076   0.955
  1837     9    1.166   1.092   0.194   0.184   0.065   0.061   1.164   1.086
  1838     9    0.812   0.731   0.190   0.191   0.063   0.064   0.816   0.731
  1839     9    1.047   0.980   0.270   0.251   0.090   0.084   1.047   0.976
  1840     9    1.267   1.209   0.129   0.173   0.043   0.058   1.263   1.202
  1841     9    0.779   0.718   0.118   0.077   0.039   0.026   0.784   0.718
  1842     9    1.346   1.246   0.234   0.266   0.078   0.089   1.341   1.239
  1843     9    1.364   1.276   0.219   0.250   0.073   0.083   1.359   1.268
  1844     9    1.155   1.071   0.124   0.129   0.041   0.043   1.153   1.065
  1845     9    1.357   1.284   0.164   0.194   0.055   0.065   1.352   1.275
  1846     9    1.067   0.986   0.182   0.172   0.061   0.057   1.067   0.982
  1847     9    0.908   0.835   0.187   0.158   0.062   0.053   0.910   0.832
  1848     9    1.248   1.180   0.122   0.091   0.041   0.030   1.245   1.172
  1849     9    1.053   0.954   0.112   0.078   0.037   0.026   1.052   0.949
  1850    11    0.583   0.516   0.159   0.126   0.048   0.038   0.589   0.515
  1851    11    1.217   1.202   0.242   0.184   0.073   0.055   1.215   1.194
  1852    11    1.168   1.089   0.269   0.215   0.081   0.065   1.167   1.082
  1853    11    1.066   0.952   0.291   0.248   0.088   0.075   1.066   0.947
  1854    11    1.289   1.210   0.255   0.181   0.077   0.055   1.286   1.202
  1855    11    1.313   1.204   0.335   0.253   0.101   0.076   1.309   1.197
  1856    11    1.022   0.948   0.217   0.170   0.065   0.051   1.022   0.943
  1857    11    1.043   0.942   0.192   0.133   0.058   0.040   1.043   0.937
  1858    11    1.512   1.405   0.210   0.156   0.063   0.047   1.505   1.395
  1859    11    1.176   1.207   0.421   0.315   0.127   0.095   1.174   1.200
  1860    11    1.162   1.079   0.308   0.221   0.093   0.067   1.160   1.072
  1861    11    0.955   0.868   0.233   0.205   0.070   0.062   0.957   0.864
  1862    11    0.647   0.588   0.123   0.093   0.037   0.028   0.653   0.587
  1863    11    0.445   0.366   0.144   0.116   0.043   0.035   0.454   0.367
  1864    11    0.524   0.436   0.132   0.100   0.040   0.030   0.532   0.436
  1865    11    0.722   0.649   0.169   0.157   0.051   0.047   0.727   0.647
  1866    11    1.026   0.924   0.131   0.138   0.040   0.041   1.026   0.919
  1867    11    0.514   0.462   0.068   0.085   0.020   0.026   0.522   0.462
  1868    11    1.086   1.000   0.134   0.134   0.041   0.040   1.085   0.995
  1869    11    1.388   1.361   0.409   0.408   0.123   0.123   1.383   1.347
  1870    11    0.906   0.833   0.198   0.206   0.060   0.062   0.908   0.829
  1871    11    0.523   0.456   0.074   0.077   0.022   0.023   0.531   0.456
  1872    11    1.059   0.967   0.178   0.184   0.054   0.056   1.058   0.961
  1873    11    0.767   0.700   0.139   0.133   0.042   0.040   0.771   0.698
  1874    12    0.722   0.654   0.133   0.160   0.038   0.046   0.727   0.653
  1875    13    0.998   0.916   0.158   0.106   0.044   0.029   0.999   0.911
  1876    14    0.658   0.561   0.163   0.107   0.044   0.029   0.663   0.560
  1877    14    0.453   0.385   0.151   0.132   0.040   0.035   0.460   0.385
  1878    14    1.283   1.214   0.201   0.201   0.054   0.054   1.280   1.206
  1879    14    1.066   0.990   0.391   0.346   0.105   0.093   1.066   0.984
  1880    14    1.262   1.193   0.435   0.459   0.116   0.123   1.259   1.185
  1881    14    0.930   0.883   0.341   0.324   0.091   0.087   0.932   0.877
  1882    14    1.203   1.124   0.375   0.308   0.100   0.082   1.201   1.116
  1883    14    1.040   1.030   0.258   0.198   0.069   0.053   1.040   1.023
  1884    14    0.890   0.836   0.238   0.262   0.064   0.070   0.892   0.832
  1885    14    1.382   1.319   0.397   0.324   0.106   0.087   1.378   1.310
  1886    15    1.380   1.345   0.391   0.355   0.101   0.092   1.376   1.335
  1887    15    1.064   1.077   0.231   0.219   0.060   0.057   1.064   1.070
  1888    15    1.123   1.117   0.190   0.183   0.049   0.047   1.122   1.109
  1889    15    1.185   1.170   0.206   0.189   0.053   0.049   1.184   1.162
  1890    16    0.759   0.722   0.144   0.164   0.036   0.041   0.762   0.718
  1891    16    0.979   0.940   0.157   0.168   0.039   0.042   0.980   0.934
  1892    16    0.610   0.562   0.281   0.309   0.070   0.077   0.615   0.560
  1893    16    0.706   0.668   0.239   0.259   0.060   0.065   0.710   0.664
  1894    16    1.169   1.142   0.217   0.183   0.054   0.046   1.168   1.134
  1895    16    0.836   0.766   0.168   0.184   0.042   0.046   0.838   0.761
  1896    16    0.778   0.726   0.198   0.226   0.050   0.056   0.781   0.722
  1897    16    1.314   1.343   0.249   0.123   0.062   0.031   1.311   1.334
  1898    16    1.323   1.318   0.314   0.258   0.079   0.065   1.320   1.309
  1899    16    0.869   0.790   0.127   0.128   0.032   0.032   0.871   0.786
  1900    16    1.062   1.017   0.222   0.250   0.056   0.063   1.062   1.011
  1901    16    1.115   1.090   0.203   0.223   0.051   0.056   1.114   1.083
  1902    16    1.000   0.956   0.171   0.219   0.043   0.055   1.000   0.951
  1903    16    0.866   0.831   0.147   0.197   0.037   0.049   0.868   0.827
  1904    16    0.560   0.496   0.202   0.202   0.051   0.051   0.565   0.495
  1905    16    0.969   0.903   0.174   0.192   0.044   0.048   0.970   0.899
  1906    16    1.140   1.072   0.276   0.280   0.069   0.070   1.139   1.066
  1907    16    1.028   0.953   0.221   0.229   0.055   0.057   1.028   0.948
  1908    16    1.125   1.042   0.203   0.226   0.051   0.056   1.125   1.037
  1909    16    1.156   1.064   0.226   0.193   0.056   0.048   1.155   1.058
  1910    17    1.153   1.038   0.243   0.178   0.059   0.043   1.152   1.032
  1911    17    1.070   0.977   0.182   0.175   0.044   0.042   1.070   0.972
  1912    17    1.044   0.954   0.180   0.174   0.044   0.042   1.045   0.949
  1913    17    1.063   0.996   0.193   0.174   0.047   0.042   1.063   0.992
  1914    17    0.834   0.740   0.247   0.205   0.060   0.050   0.837   0.736
  1915    17    0.956   0.923   0.268   0.241   0.065   0.058   0.957   0.919
  1916    17    0.905   0.812   0.168   0.167   0.041   0.041   0.906   0.810
  1917    17    0.042   0.017   0.202   0.182   0.049   0.044   0.053   0.020
  1918    17    0.657   0.577   0.175   0.153   0.042   0.037   0.661   0.574
  1919    17    1.044   0.969   0.262   0.231   0.064   0.056   1.044   0.964
  1920    17    1.182   1.058   0.334   0.290   0.081   0.070   1.181   1.052
  1921    17    1.268   1.162   0.296   0.250   0.072   0.061   1.266   1.157
  1922    17    1.301   1.183   0.358   0.276   0.087   0.067   1.299   1.176
  1923    17    1.540   1.355   0.354   0.312   0.086   0.076   1.535   1.347
  1924    17    1.286   1.123   0.188   0.193   0.045   0.047   1.284   1.118
  1925    17    1.001   0.852   0.193   0.181   0.047   0.044   1.001   0.849
  1926    17    0.643   0.521   0.105   0.092   0.026   0.022   0.647   0.519
  1927    17    0.657   0.549   0.076   0.070   0.018   0.017   0.661   0.548
  1928    17    1.219   1.097   0.191   0.242   0.046   0.059   1.217   1.092
  1929    17    0.795   0.688   0.183   0.182   0.044   0.044   0.798   0.686
  1930    17    1.231   1.139   0.321   0.310   0.078   0.075   1.229   1.133
  1931    17    1.412   1.341   0.324   0.310   0.079   0.075   1.408   1.334
  1932    17    0.726   0.685   0.275   0.270   0.067   0.065   0.729   0.683
  1933    17    0.723   0.698   0.165   0.186   0.040   0.045   0.727   0.696
  1934    17    0.516   0.520   0.096   0.114   0.023   0.028   0.521   0.518
  1935    17    0.863   0.893   0.181   0.192   0.044   0.047   0.865   0.887
  1936    17    1.145   1.186   0.258   0.252   0.063   0.061   1.145   1.180
  1937    17    1.229   1.314   0.283   0.326   0.069   0.079   1.227   1.301
  1938    17    1.301   1.372   0.214   0.197   0.052   0.048   1.299   1.364
  1939    17    1.268   1.348   0.248   0.181   0.060   0.044   1.266   1.340
  1940    17    0.656   0.713   0.146   0.151   0.035   0.037   0.660   0.710
  1941    16    0.779   0.820   0.127   0.132   0.032   0.033   0.782   0.817
  1942    16    1.298   1.416   0.238   0.197   0.060   0.049   1.295   1.408
  1943    16    1.423   1.580   0.215   0.147   0.054   0.037   1.419   1.572
  1944    16    0.387   0.413   0.117   0.098   0.029   0.024   0.394   0.413
  1945    16    1.132   1.254   0.138   0.162   0.034   0.040   1.132   1.249
  1946    16    0.637   0.692   0.136   0.154   0.034   0.039   0.641   0.690
  1947    16    0.816   0.909   0.107   0.137   0.027   0.034   0.819   0.907
  1948    16    1.195   1.358   0.181   0.173   0.045   0.043   1.194   1.352
  1949    16    1.306   1.485   0.160   0.178   0.040   0.045   1.303   1.479
  1950    16    1.030   1.217   0.218   0.245   0.054   0.061   1.030   1.211
  1951    16    0.891   1.049   0.229   0.281   0.057   0.070   0.893   1.046
  1952    16    0.625   0.733   0.106   0.167   0.027   0.042   0.630   0.732
  1953    16    1.016   1.180   0.140   0.150   0.035   0.038   1.017   1.175
  1954    16    1.382   1.598   0.147   0.143   0.037   0.036   1.378   1.592
  1955    16    0.977   1.118   0.208   0.161   0.052   0.040   0.978   1.115
  1956    16    0.861   0.949   0.276   0.300   0.069   0.075   0.864   0.947
  1957    16    1.373   1.598   0.254   0.246   0.063   0.062   1.370   1.592
  1958    16    0.971   1.104   0.188   0.199   0.047   0.050   0.972   1.100
  1959    16    1.206   1.422   0.232   0.256   0.058   0.064   1.204   1.419
  1960    16    1.276   1.484   0.213   0.253   0.053   0.063   1.274   1.480
  1961    15    0.584   0.652   0.125   0.135   0.032   0.035   0.590   0.653
  1962    15    0.126   0.111   0.160   0.182   0.041   0.047   0.137   0.115
  1963    15    0.645   0.737   0.149   0.125   0.038   0.032   0.650   0.738
  1964    15    0.818   0.969   0.149   0.168   0.039   0.043   0.821   0.968
  1965    15    0.694   0.805   0.109   0.138   0.028   0.036   0.698   0.806
  1966    15    0.938   1.103   0.184   0.202   0.047   0.052   0.939   1.103
  1967    15    1.121   1.351   0.154   0.257   0.040   0.066   1.120   1.350
  1968    15    0.882   1.069   0.125   0.154   0.032   0.040   0.884   1.072
  1969    15    0.798   0.941   0.120   0.125   0.031   0.032   0.801   0.943
  1970    15    0.727   0.868   0.056   0.107   0.014   0.028   0.731   0.870
  1971    15    0.402   0.444   0.108   0.133   0.028   0.034   0.410   0.447
  1972    15    1.256   1.550   0.324   0.467   0.084   0.120   1.254   1.552
  1973    15    1.488   1.826   0.216   0.307   0.056   0.079   1.483   1.828
  1974    15    1.000   1.213   0.202   0.245   0.052   0.063   1.001   1.216
  1975    15    1.031   1.262   0.295   0.323   0.076   0.083   1.032   1.265
  1976    15    0.541   0.659   0.210   0.248   0.054   0.064   0.547   0.666
  1977    15    0.654   0.790   0.182   0.194   0.047   0.050   0.659   0.795
  1978    15    0.730   0.896   0.151   0.155   0.039   0.040   0.734   0.901
  1979    15    1.260   1.664   0.209   0.193   0.054   0.050   1.257   1.671
  1980    15    0.568   0.722   0.194   0.279   0.050   0.072   0.574   0.727
  1981    14    1.201   1.595   0.171   0.204   0.046   0.054   1.199   1.601
  1982    14    0.486   0.618   0.129   0.170   0.035   0.046   0.493   0.623
  1983    14    0.882   1.191   0.164   0.250   0.044   0.067   0.884   1.199
  1984    14    0.722   0.968   0.156   0.223   0.042   0.060   0.726   0.976
  1985    14    0.215   0.257   0.168   0.242   0.045   0.065   0.225   0.262
  1986    14    1.134   1.606   0.263   0.399   0.070   0.107   1.133   1.618
  1987    14    0.877   1.246   0.178   0.268   0.048   0.072   0.879   1.255
  1988    14    1.084   1.542   0.167   0.222   0.045   0.059   1.084   1.555
  1989    14    1.157   1.685   0.176   0.243   0.047   0.065   1.156   1.699
  1990    14    0.497   0.699   0.120   0.183   0.032   0.049   0.504   0.709
  1991    14    1.270   1.908   0.207   0.289   0.055   0.077   1.267   1.927
  1992    14    1.489   2.242   0.312   0.448   0.083   0.120   1.484   2.265
  1993    14    1.164   1.815   0.199   0.335   0.053   0.089   1.163   1.834
  1994    14    1.461   2.366   0.270   0.444   0.072   0.119   1.456   2.393
  1995    14    0.627   1.031   0.158   0.230   0.042   0.061   0.633   1.046
  1996    13    1.754   2.972   0.378   0.674   0.105   0.187   1.745   3.013
  1997    12    0.605   1.036   0.262   0.379   0.076   0.109   0.611   1.054
  1998    12    1.436   2.621   0.243   0.447   0.070   0.129   1.430   2.661
  1999    12    1.043   1.919   0.274   0.400   0.079   0.115   1.043   1.953
  2000    12    0.244   0.416   0.138   0.240   0.040   0.069   0.256   0.429
  2001    12    0.150   0.244   0.143   0.281   0.041   0.081   0.163   0.255
  2002    12    1.010   1.954   0.243   0.500   0.070   0.144   1.011   1.997
  2003    12    1.514   3.169   0.504   0.710   0.145   0.205   1.507   3.245
  2004    11    1.313   2.884   0.441   0.549   0.133   0.166   1.309   2.961
  2005    10    1.250   2.963   0.313   1.008   0.099   0.319   1.246   3.048
  2006    10    1.234   3.329   0.360   1.930   0.114   0.610   1.231   3.424
  2007    10    1.218   3.725   0.298   1.580   0.094   0.500   1.215   3.858
